target domain group target_atoms_count model_atoms_count target_residues_count model_residues_count AA_diff AA_ref AA AM_diff AM_ref AM AS_diff AS_ref AS AW_diff AW_ref AW MA_diff MA_ref MA MM_diff MM_ref MM MS_diff MS_ref MS MW_diff MW_ref MW SA_diff SA_ref SA SM_diff SM_ref SM SS_diff SS_ref SS SW_diff SW_ref SW TM_score TM_score_GDT_TS TM_score_GDT_HA LGA_GDT_TS MolProbityScore CASP_RMSD CASP_GDT_TS CASP_LGA_S3 CASP_LGA_Q target_class model_unique_id CASP_GDT_HA interface_AA
537 2 127 254 254 31 31 7472.2 12704.7 0.411854 3419.02 7240.77 0.52781 4723.1 5463.89 0.135579 1179.3 2746.19 0.570568 3620 7800.86 0.535949 2036.07 5262.95 0.613131 2017.54 2537.91 0.205038 246.743 512.421 0.518476 4401.39 4903.8 0.102453 1651.47 1977.82 0.165003 2887.6 2925.99 0.013119 877.828 2233.77 0.607019 0.1884 0.4677 0.2823 0.48387 -1 2.7 0.48387 42.9 0.642 FM 5372127 0.28225 -1
543 1 214 303 306 40 40 9518.44 16423 0.420421 4031.74 9177.19 0.560678 5959.03 7245.83 0.177592 1233.86 2954.82 0.582423 4372.09 9966.28 0.561312 2681.86 6922.06 0.612564 2287.71 3044.21 0.248507 392.38 816.256 0.519293 5419.04 6456.75 0.160717 1638.8 2255.13 0.273301 3918.63 4201.62 0.067352 937.118 2138.57 0.561801 0.3781 0.6062 0.4063 0.61875 3.567 3.03 0.61875 56.358 0.895 TBM 5431214 0.41875 -1
548 1 171 296 296 35 35 9042.3 14927.4 0.394247 3808.61 7836.59 0.513996 5946.53 7090.8 0.161374 1028.31 3155.51 0.674123 4010.86 8584.47 0.532777 2133.2 5521.84 0.613679 2375.46 3062.64 0.224375 279.89 600.501 0.533906 5439.85 6342.91 0.142373 1844.39 2314.75 0.203202 3739.09 4028.16 0.0717627 855.213 2555.01 0.66528 0.282 0.55 0.3429 0.54286 -1 2.74 0.54286 48.841 0.775 TBM 5481171 0.342875 -1
560 1 276 493 493 64 64 11754.3 27416.2 0.571267 4849.77 15326 0.68356 8016.03 12090.2 0.336981 1416.42 4274.99 0.668673 5116.75 16578.8 0.691368 2993.47 11408.7 0.737615 2861.21 5170.1 0.446586 302.094 865.124 0.650809 7485.32 10837.4 0.309309 2262.27 3917.34 0.422499 5459.55 6920.1 0.211059 1258.97 3409.87 0.630786 0.6717 0.7305 0.5195 0.73828 2.951 1.92 0.73828 79.001 2.721 TBM 5601276 0.531275 -1
560 1 286 493 493 64 64 11754.3 27416.2 0.571267 4849.77 15326 0.68356 8016.03 12090.2 0.336981 1416.42 4274.99 0.668673 5116.75 16578.8 0.691368 2993.47 11408.7 0.737615 2861.21 5170.1 0.446586 302.094 865.124 0.650809 7485.32 10837.4 0.309309 2262.27 3917.34 0.422499 5459.55 6920.1 0.211059 1258.97 3409.87 0.630786 0.6717 0.7305 0.5195 0.73828 2.951 1.92 0.73828 79.001 2.721 TBM 5601286 0.531275 -1
586 2 47 313 313 39 39 4284.71 14664.9 0.707826 1781.51 9382.54 0.810125 2730.46 5282.4 0.483102 776.833 3952.03 0.803435 2101.21 10155.4 0.793095 1224.02 7295.02 0.832212 1194.77 2860.41 0.582309 161.539 448.678 0.639968 2462.29 4509.51 0.453977 964.887 2087.52 0.537783 1700.7 2421.99 0.297807 717.893 3503.35 0.795084 0.638 0.8526 0.7051 0.85897 3.211 1.59 0.85897 92.679 2.304 TBM 5862047 0.71155 -1
586 2 250 313 313 39 39 6289.21 14664.9 0.57114 3409.02 9382.54 0.636663 3637.17 5282.4 0.311454 711.651 3952.03 0.819928 3436.24 10155.4 0.661635 1982.76 7295.02 0.728203 1825.21 2860.41 0.361907 229.502 448.678 0.488493 3156.9 4509.51 0.299945 1369.36 2087.52 0.344025 2083.24 2421.99 0.139866 621.199 3503.35 0.822685 0.5309 0.7372 0.5577 0.75 3.32 2.27 0.75 75.212 1.56 TBM 5862250 0.5705 -1
586 2 275 313 313 39 39 4718.19 14664.9 0.678267 2032.27 9382.54 0.783399 3006.3 5282.4 0.430883 688.556 3952.03 0.825772 2304.74 10155.4 0.773053 1331.61 7295.02 0.817463 1171.4 2860.41 0.590478 161.67 448.678 0.639675 2720.9 4509.51 0.396629 965.989 2087.52 0.537255 1837.36 2421.99 0.241385 619.422 3503.35 0.823192 0.6087 0.8205 0.6731 0.82692 2.665 1.56 0.82692 89.112 2.235 TBM 5862275 0.6859 -1
586 2 307 313 313 39 39 3933.27 14664.9 0.731791 1653.1 9382.54 0.823811 2677.3 5282.4 0.493166 519.159 3952.03 0.868635 1765.69 10155.4 0.826133 1203.63 7295.02 0.835007 927.454 2860.41 0.675762 128.881 448.678 0.712755 2472.34 4509.51 0.45175 764.917 2087.52 0.633576 1746.18 2421.99 0.279031 489.925 3503.35 0.860155 0.6144 0.8397 0.6987 0.85897 2.553 1.62 0.85897 92.623 2.27 TBM 5862307 0.71795 -1
586 2 452 313 313 39 39 4483.55 14664.9 0.694267 2013.26 9382.54 0.785425 3025.71 5282.4 0.427209 630.43 3952.03 0.84048 2163.15 10155.4 0.786996 1352.33 7295.02 0.814622 1186 2860.41 0.585374 137.874 448.678 0.692711 2700.33 4509.51 0.401191 961.993 2087.52 0.539169 1847.2 2421.99 0.237323 583.991 3503.35 0.833305 0.5537 0.7821 0.6154 0.78846 2.189 2.08 0.78846 87.883 1.788 TBM 5862452 0.608975 -1
605 1 127 417 417 49 49 4774.96 19562.3 0.75591 2009.61 12109.6 0.834049 3363.15 7452.7 0.548734 637.027 5115.15 0.875463 2077.1 13073.3 0.841119 1193.12 8942.49 0.866578 1319.21 4130.79 0.680639 110.287 340.618 0.676216 3168.88 6489.03 0.511656 1059.86 3167.12 0.665357 2280.67 3321.91 0.313445 573.168 4774.53 0.879953 0.8609 0.9337 0.8112 0.93367 2.241 0.96 0.93367 97.619 4.601 TBM 6051127 0.816325 -1
605 1 165 417 417 49 49 6184.44 19562.3 0.68386 2480.47 12109.6 0.795165 4258.11 7452.7 0.428648 967.734 5115.15 0.81081 2704.74 13073.3 0.793109 1334.32 8942.49 0.850788 1778.58 4130.79 0.569432 115.796 340.618 0.660042 3977.1 6489.03 0.387103 1489.17 3167.12 0.529802 2737.28 3321.91 0.175993 816.035 4774.53 0.829086 0.6623 0.8061 0.6582 0.80612 2.839 1.97 0.80612 86.716 2.17 TBM 6051165 0.663275 -1
605 1 208 417 417 49 49 9401.49 19562.3 0.519408 4703.94 12109.6 0.611554 5030.91 7452.7 0.324955 906.954 5115.15 0.822692 4909.26 13073.3 0.624481 3153.08 8942.49 0.647405 2503.27 4130.79 0.393996 151.566 340.618 0.555026 4627.19 6489.03 0.286922 2027.24 3167.12 0.359911 2700.82 3321.91 0.186967 771.877 4774.53 0.838334 0.5967 0.75 0.5561 0.75 4.585 2.06 0.75 76.72 1.994 TBM 6051208 0.56635 -1
605 1 307 417 417 49 49 4720.01 19562.3 0.758719 1691.88 12109.6 0.860286 3452.15 7452.7 0.536792 703.766 5115.15 0.862415 1759.93 13073.3 0.86538 919.208 8942.49 0.897209 1195.23 4130.79 0.710654 105.987 340.618 0.688838 3198.77 6489.03 0.507049 1025.29 3167.12 0.676272 2380.61 3321.91 0.283362 690.091 4774.53 0.855464 0.8532 0.949 0.8265 0.94898 2.598 1.01 0.94898 97.968 4.414 TBM 6051307 0.816325 -1
605 1 346 417 417 49 49 5101.54 19562.3 0.739216 1995.14 12109.6 0.835244 3607.69 7452.7 0.515921 860.434 5115.15 0.831787 2013.46 13073.3 0.845987 1028.66 8942.49 0.88497 1444.88 4130.79 0.650216 121.585 340.618 0.643045 3446.29 6489.03 0.468905 1251.64 3167.12 0.604803 2381.27 3321.91 0.283164 749.959 4774.53 0.842925 0.8187 0.9184 0.801 0.91837 2.624 1.34 0.91837 95.516 3.338 TBM 6051346 0.801025 -1
605 1 449 417 417 49 49 5101.54 19562.3 0.739216 1995.14 12109.6 0.835244 3607.69 7452.7 0.515921 860.434 5115.15 0.831787 2013.46 13073.3 0.845987 1028.66 8942.49 0.88497 1444.88 4130.79 0.650216 121.585 340.618 0.643045 3446.29 6489.03 0.468905 1251.64 3167.12 0.604803 2381.27 3321.91 0.283164 749.959 4774.53 0.842925 0.8187 0.9184 0.801 0.91837 2.624 1.34 0.91837 95.516 3.338 TBM 6051449 0.801025 -1
605 1 453 417 417 49 49 5101.54 19562.3 0.739216 1995.14 12109.6 0.835244 3607.69 7452.7 0.515921 860.434 5115.15 0.831787 2013.46 13073.3 0.845987 1028.66 8942.49 0.88497 1444.88 4130.79 0.650216 121.585 340.618 0.643045 3446.29 6489.03 0.468905 1251.64 3167.12 0.604803 2381.27 3321.91 0.283164 749.959 4774.53 0.842925 0.8187 0.9184 0.801 0.91837 2.624 1.34 0.91837 95.516 3.338 TBM 6051453 0.801025 -1
605 1 457 417 417 49 49 5885.31 19562.3 0.699151 2278.28 12109.6 0.811862 3823.44 7452.7 0.486972 854.649 5115.15 0.832918 2329.05 13073.3 0.821846 1227.76 8942.49 0.862704 1399.68 4130.79 0.66116 112.847 340.618 0.668699 3574.26 6489.03 0.449185 1212.57 3167.12 0.617138 2498.35 3321.91 0.247917 788.801 4774.53 0.83479 0.7412 0.8418 0.6633 0.85204 3.301 1.53 0.85204 93.072 2.998 TBM 6051457 0.67855 -1
611 1 345 429 435 53 53 10796.2 23304 0.536723 3233.28 12726.3 0.745938 7623.88 10577.6 0.279245 1431.68 3757.22 0.618952 3984.01 13714.3 0.7095 1933.87 9578.13 0.798095 2337.49 4136.19 0.434868 262.49 715.889 0.633338 6966.96 9589.64 0.273491 1757.9 3148.19 0.441615 5375.79 6441.44 0.165437 1240.95 3041.33 0.591973 0.583 0.6934 0.5 0.69811 4.182 2.33 0.69811 69.318 1.727 TBM 6111345 0.514175 -1
