target domain group target_atoms_count model_atoms_count target_residues_count model_residues_count AA_diff AA_ref AA AM_diff AM_ref AM AS_diff AS_ref AS AW_diff AW_ref AW MA_diff MA_ref MA MM_diff MM_ref MM MS_diff MS_ref MS MW_diff MW_ref MW SA_diff SA_ref SA SM_diff SM_ref SM SS_diff SS_ref SS SW_diff SW_ref SW TM_score TM_score_GDT_TS TM_score_GDT_HA LGA_GDT_TS MolProbityScore CASP_RMSD CASP_GDT_TS CASP_LGA_S3 CASP_LGA_Q target_class model_unique_id CASP_GDT_HA interface_AA
516 1 180 1847 1875 227 227 56444.9 111614 0.494284 15614.4 56336.8 0.722838 42114.6 55276.9 0.238115 4754.85 11125.2 0.572604 17957.7 61490.7 0.707961 7739.68 41252.6 0.812383 12055.2 20238.2 0.404332 1005.63 1935.47 0.48042 39452.8 50122.9 0.212879 9102.54 15084.2 0.396551 30745.8 35038.7 0.122518 4073.02 9189.69 0.556783 0.2602 0.1806 0.1123 0.18502 -1 2.69 0.18502 16.587 1.793 TBM 5161180 0.11015 -1
521 1 244 794 797 98 98 16425.1 44293.5 0.629176 5197.12 23206.5 0.776049 12211.3 21087 0.42091 2123.16 6465.74 0.671629 5824.06 25161.6 0.768533 2781.47 17057.1 0.836932 3622.62 8104.47 0.553009 476.894 1240.77 0.615648 11572.1 19131.9 0.395143 2877.42 6149.42 0.532083 9185.7 12982.5 0.292457 1873.85 5224.97 0.641365 0.4295 0.4388 0.3087 0.44898 -1 2.48 0.44898 40.643 1.976 TBM 5211244 0.313775 -1
555 1 1 1086 1086 134 134 27272.2 60369.3 0.548244 9160.56 32155.7 0.715119 19442 28213.6 0.3109 3272.37 8634.52 0.621013 10439.1 35246.4 0.703824 5173.95 23785.7 0.782477 6524.94 11460.6 0.430664 701.969 1494.76 0.53038 17706.3 25123 0.295214 4855.88 8369.98 0.419845 13015.9 16753 0.223072 2768.86 7139.76 0.612191 0.2937 0.278 0.209 0.28172 -1 1.55 0.28172 25.569 2.31 FM 5551001 0.20895 -1
555 1 273 1086 1086 134 134 27272.2 60369.3 0.548244 9160.56 32155.7 0.715119 19442 28213.6 0.3109 3272.37 8634.52 0.621013 10439.1 35246.4 0.703824 5173.95 23785.7 0.782477 6524.94 11460.6 0.430664 701.969 1494.76 0.53038 17706.3 25123 0.295214 4855.88 8369.98 0.419845 13015.9 16753 0.223072 2768.86 7139.76 0.612191 0.2937 0.278 0.209 0.28172 -1 1.55 0.28172 25.569 2.31 FM 5551273 0.20895 -1
555 1 291 1086 1086 134 134 29437.9 60369.3 0.51237 9740.82 32155.7 0.697074 21204 28213.6 0.248447 3178.67 8634.52 0.631865 11460.8 35246.4 0.674839 5560.93 23785.7 0.766208 7068.58 11460.6 0.383229 650.841 1494.76 0.564585 19340.2 25123 0.230179 5225.17 8369.98 0.375725 14554.8 16753 0.131211 2803.13 7139.76 0.607391 0.2522 0.2108 0.1455 0.21269 -1 1.82 0.21269 19.901 1.512 FM 5551291 0.14365 -1
575 2 14 1015 1031 127 127 26173 57027.1 0.541042 7964.6 30686.4 0.740452 19228.6 26340.6 0.270004 3844.66 8066.99 0.523409 9375.55 33416.4 0.719433 3850.39 22883.5 0.831739 6159.01 10532.9 0.415261 767.685 1425.46 0.461448 17573.1 23610.7 0.255712 4533.88 7802.96 0.418954 13423.2 15807.7 0.150848 3243.27 6641.53 0.511667 0.2724 0.252 0.1752 0.26181 -1 2.59 0.26181 22.801 1.262 TBM 5752014 0.1752 -1
605 1 2 417 417 49 49 4543.7 19562.3 0.767732 1806.55 12109.6 0.850817 3081.45 7452.7 0.586532 492.092 5115.15 0.903797 2110.31 13073.3 0.838579 1039.46 8942.49 0.883761 1335.02 4130.79 0.676812 90.508 340.618 0.734283 2778.37 6489.03 0.571836 990.414 3167.12 0.687283 1880.6 3321.91 0.433879 457.951 4774.53 0.904085 0.4628 0.6327 0.4745 0.63776 1.726 2.31 0.63265 65.606 1.494 TBM 6051002 0.469375 -1
605 1 47 417 417 49 49 8101.23 19562.3 0.585876 3790.18 12109.6 0.687011 4557.4 7452.7 0.38849 1866.92 5115.15 0.63502 4027.62 13073.3 0.69192 2075.18 8942.49 0.767942 2226.51 4130.79 0.460997 201.764 340.618 0.407654 4277.99 6489.03 0.340735 1868.27 3167.12 0.410106 2494.58 3321.91 0.249052 1705.66 4774.53 0.642758 0.3198 0.3469 0.3061 0.36224 -1 2.77 0.36224 34.069 0.592 TBM 6051047 0.3163 -1
605 1 55 417 417 49 49 8072.78 19562.3 0.58733 3741.12 12109.6 0.691062 4708.7 7452.7 0.368189 1956.52 5115.15 0.617504 3811.88 13073.3 0.708422 2018.07 8942.49 0.774329 2114.85 4130.79 0.488027 158.666 340.618 0.53418 4401.34 6489.03 0.321726 1845.16 3167.12 0.417402 2774.69 3321.91 0.164732 1710.41 4774.53 0.641763 0.3216 0.3622 0.3163 0.36224 -1 1.51 0.36224 33.605 1.055 TBM 6051055 0.3163 -1
605 1 75 417 417 49 49 8027.92 19562.3 0.589623 3388.26 12109.6 0.720201 4840.78 7452.7 0.350467 2104.9 5115.15 0.588496 3543.49 13073.3 0.728952 1891.36 8942.49 0.788498 2123.86 4130.79 0.485846 100.039 340.618 0.706301 4583.02 6489.03 0.293728 1809.45 3167.12 0.428678 2803.09 3321.91 0.15618 1948.17 4774.53 0.591967 0.3194 0.3622 0.3112 0.36224 -1 1.8 0.36224 35.327 0.945 TBM 6051075 0.3112 -1
605 1 102 417 417 49 49 5953.98 19562.3 0.69564 2700.12 12109.6 0.777027 3802.33 7452.7 0.489805 1473.87 5115.15 0.711861 2792.53 13073.3 0.786394 1465.14 8942.49 0.83616 1669.64 4130.79 0.595807 135.904 340.618 0.601006 3535.14 6489.03 0.455213 1381.12 3167.12 0.56392 2217.88 3321.91 0.332348 1405.25 4774.53 0.705677 0.5151 0.5612 0.4847 0.58163 -1 1.08 0.58163 57.636 2.455 TBM 6051102 0.489775 -1
605 1 103 417 417 49 49 5394.66 19562.3 0.724232 2429.71 12109.6 0.799357 3541.38 7452.7 0.524819 1512.21 5115.15 0.704366 2525.13 13073.3 0.806848 1455.63 8942.49 0.837223 1512.1 4130.79 0.633944 123.568 340.618 0.637223 3334.75 6489.03 0.486094 1270.13 3167.12 0.598964 2223.6 3321.91 0.330626 1400.22 4774.53 0.706732 0.4731 0.5408 0.4694 0.55102 -1 1.3 0.55102 55.002 2.005 TBM 6051103 0.469375 -1
605 1 117 417 417 49 49 7495.49 19562.3 0.61684 3050.58 12109.6 0.748086 4644.7 7452.7 0.376776 1835.86 5115.15 0.641094 3268.83 13073.3 0.749961 1910.43 8942.49 0.786365 1832.06 4130.79 0.556488 161.597 340.618 0.525575 4273.86 6489.03 0.341372 1477.2 3167.12 0.533583 2686.52 3321.91 0.191272 1648.26 4774.53 0.654781 0.3338 0.3878 0.3367 0.39796 -1 2.08 0.39796 38.65 0.917 TBM 6051117 0.336725 -1
605 1 166 417 417 49 49 6588.58 19562.3 0.6632 2920.56 12109.6 0.758823 4240.09 7452.7 0.431067 1806.11 5115.15 0.646909 3124.06 13073.3 0.761035 1600.99 8942.49 0.820968 1943.07 4130.79 0.529613 116.449 340.618 0.658125 3797.48 6489.03 0.414785 1515.86 3167.12 0.521377 2506 3321.91 0.245615 1808.65 4774.53 0.621187 0.3923 0.4847 0.3929 0.4898 -1 1.72 0.4898 49.73 1.429 TBM 6051166 0.39795 -1
605 1 213 417 417 49 49 6202.26 19562.3 0.682949 2646.36 12109.6 0.781467 4199.64 7452.7 0.436494 1681.88 5115.15 0.671197 2820.21 13073.3 0.784277 1402.49 8942.49 0.843166 1794.76 4130.79 0.565516 157.299 340.618 0.538196 3746.7 6489.03 0.42261 1465.17 3167.12 0.537382 2548.5 3321.91 0.232822 1527.02 4774.53 0.680173 0.4741 0.5255 0.449 0.53571 -1 1.68 0.53571 53.864 1.518 TBM 6051213 0.464275 -1
605 1 214 417 417 49 49 6131.8 19562.3 0.686551 2796.43 12109.6 0.769074 3866.43 7452.7 0.481204 1007.47 5115.15 0.803042 2930.12 13073.3 0.77587 1697.76 8942.49 0.810147 1708.01 4130.79 0.586517 117.569 340.618 0.654837 3541.33 6489.03 0.454259 1338.14 3167.12 0.577492 2312.37 3321.91 0.303904 855.039 4774.53 0.820917 0.4419 0.5 0.4184 0.51531 -1 1.59 0.51531 51.182 1.542 TBM 6051214 0.428575 -1
605 1 244 417 417 49 49 6274.71 19562.3 0.679245 2808.3 12109.6 0.768093 4136.57 7452.7 0.444957 1830.11 5115.15 0.642217 2867.35 13073.3 0.780671 1620.74 8942.49 0.81876 1725.62 4130.79 0.582253 147.431 340.618 0.567166 3830.05 6489.03 0.409766 1450.78 3167.12 0.541925 2581.15 3321.91 0.222994 1679.9 4774.53 0.648155 0.3444 0.4235 0.352 0.42857 -1 2.23 0.42857 42.292 0.944 TBM 6051244 0.352025 -1
605 1 291 417 417 49 49 7214.35 19562.3 0.631212 3182.01 12109.6 0.737233 4479.6 7452.7 0.398929 2250.43 5115.15 0.560046 3339.85 13073.3 0.744528 1853.69 8942.49 0.79271 1860.67 4130.79 0.54956 140.996 340.618 0.586058 4172.82 6489.03 0.356943 1590.97 3167.12 0.497663 2695.1 3321.91 0.18869 2018.28 4774.53 0.577282 0.3438 0.3878 0.3367 0.39286 -1 1.21 0.39286 38.241 1.455 TBM 6051291 0.336725 -1
616 1 1 804 808 97 97 17777.2 40754.9 0.563801 6981.92 22554 0.690436 12442.4 18200.9 0.316386 3307.46 8203.39 0.596818 7632.78 24493.6 0.688376 3870.31 16444.7 0.764648 4883.48 8048.83 0.393268 708.601 1295.53 0.45304 11603.5 16261.3 0.286437 3765.23 6109.3 0.383689 8193.56 10152 0.192915 2709.79 6907.86 0.607723 0.3002 0.2912 0.2397 0.30412 -1 1.96 0.30412 28.943 1.552 FM_TBM 6161001 0.24225 -1
616 1 75 804 807 97 97 17173.3 40754.9 0.578621 6775.45 22554 0.69959 12190.1 18200.9 0.330247 3490.17 8203.39 0.574546 7148.67 24493.6 0.708141 3451.49 16444.7 0.790116 4781.66 8048.83 0.405919 755.553 1295.53 0.416799 11176.6 16261.3 0.312692 3714.43 6109.3 0.392004 7832.57 10152 0.228474 2761.71 6907.86 0.600208 0.3382 0.3273 0.25 0.33505 -1 2.15 0.33505 31.666 1.513 FM_TBM 6161075 0.25255 -1
616 1 173 804 808 97 97 16632.1 40754.9 0.5919 6334.62 22554 0.719136 11993.6 18200.9 0.341041 3282.79 8203.39 0.599826 6849.33 24493.6 0.720362 3370.7 16444.7 0.795029 4653.45 8048.83 0.421847 683.394 1295.53 0.472497 10967.2 16261.3 0.325565 3623.18 6109.3 0.406941 7775.35 10152 0.234109 2720.17 6907.86 0.606221 0.3253 0.3479 0.2526 0.36082 -1 2.09 0.36082 33.938 1.595 FM_TBM 6161173 0.257725 -1
616 1 273 804 808 97 97 16338.4 40754.9 0.599106 6261.29 22554 0.722387 11770.7 18200.9 0.353289 3267.81 8203.39 0.601651 6759.99 24493.6 0.72401 3370.68 16444.7 0.79503 4582.9 8048.83 0.430614 678.428 1295.53 0.476331 10786.1 16261.3 0.336705 3599.01 6109.3 0.410896 7685.65 10152 0.242945 2742.92 6907.86 0.602928 0.3289 0.3479 0.2526 0.35567 -1 2.16 0.35567 33.667 1.548 FM_TBM 6161273 0.255125 -1
616 1 275 804 808 97 97 18830.2 40754.9 0.537966 7013.27 22554 0.689046 13573.4 18200.9 0.254247 3652.25 8203.39 0.554788 7714.28 24493.6 0.685049 3880.94 16444.7 0.764001 5092.18 8048.83 0.36734 712.56 1295.53 0.449984 12316.1 16261.3 0.242617 3927.65 6109.3 0.357103 8898.38 10152 0.123488 3134.55 6907.86 0.546235 0.2804 0.2732 0.2088 0.27577 -1 2.01 0.27577 25.483 1.328 FM_TBM 6161275 0.2062 -1
616 1 286 804 807 97 97 17173.3 40754.9 0.578621 6775.45 22554 0.69959 12190.1 18200.9 0.330247 3490.17 8203.39 0.574546 7148.67 24493.6 0.708141 3451.49 16444.7 0.790116 4781.66 8048.83 0.405919 755.553 1295.53 0.416799 11176.6 16261.3 0.312692 3714.43 6109.3 0.392004 7832.57 10152 0.228474 2761.71 6907.86 0.600208 0.3382 0.3273 0.25 0.33505 -1 2.15 0.33505 31.666 1.513 FM_TBM 6161286 0.25255 -1
616 1 314 804 808 97 97 18761.6 40754.9 0.539648 6800.67 22554 0.698472 13664.1 18200.9 0.249259 2689.15 8203.39 0.672191 7584.89 24493.6 0.690332 3634.67 16444.7 0.778977 5381.13 8048.83 0.331439 879.397 1295.53 0.321205 12369.1 16261.3 0.239353 4033.3 6109.3 0.33981 8760.05 10152 0.137114 2105 6907.86 0.695275 0.2468 0.2603 0.2242 0.26289 -1 2.25 0.26289 23.585 1.063 FM_TBM 6161314 0.2268 -1
616 1 319 804 808 97 97 18830.2 40754.9 0.537966 7013.27 22554 0.689046 13573.4 18200.9 0.254247 3652.25 8203.39 0.554788 7714.28 24493.6 0.685049 3880.94 16444.7 0.764001 5092.18 8048.83 0.36734 712.56 1295.53 0.449984 12316.1 16261.3 0.242617 3927.65 6109.3 0.357103 8898.38 10152 0.123488 3134.55 6907.86 0.546235 0.2804 0.2732 0.2088 0.27577 -1 2.01 0.27577 25.483 1.328 FM_TBM 6161319 0.2062 -1
616 1 321 804 807 97 97 16361.1 40754.9 0.59855 6293.29 22554 0.720968 11683.8 18200.9 0.358065 3412.67 8203.39 0.583992 6775.18 24493.6 0.72339 3300.62 16444.7 0.799291 4380.99 8048.83 0.455698 748.708 1295.53 0.422082 10861.2 16261.3 0.332087 3426.58 6109.3 0.439121 7796.31 10152 0.232045 2866.86 6907.86 0.584986 0.3451 0.3376 0.2603 0.34794 -1 1.98 0.34794 33.089 1.729 FM_TBM 6161321 0.2603 -1
616 1 380 804 808 97 97 17329.7 40754.9 0.574783 6490.2 22554 0.712238 12731.1 18200.9 0.300524 3562.36 8203.39 0.565746 7190.58 24493.6 0.70643 3547.99 16444.7 0.784248 4805.45 8048.83 0.402964 769.465 1295.53 0.40606 11481.4 16261.3 0.293948 3676.98 6109.3 0.398134 8341.41 10152 0.178351 2959.19 6907.86 0.57162 0.3346 0.3247 0.2526 0.33505 -1 1.74 0.33505 31.19 1.741 FM_TBM 6161380 0.25515 -1
618 1 321 1266 1277 158 158 35625.7 73866.2 0.517699 10354.9 38012.9 0.727594 26794 35853.3 0.252678 3835.68 8809.93 0.564618 12130.6 41743.7 0.709402 5009.11 27735.3 0.819396 8394.96 14008.4 0.40072 837.063 1562.88 0.464409 24520.2 32122.5 0.236665 6071.43 10277.6 0.409257 18878.9 21844.9 0.135773 3148.74 7247.05 0.565514 0.2533 0.2184 0.1519 0.22468 -1 2.42 0.22468 21.387 1.63 FM 6181321 0.155075 -1
637 1 1 1066 1066 135 135 25838.4 57239.1 0.548588 10311.9 33240.5 0.689779 17306 23998.6 0.278876 4857.36 10609.4 0.542165 11560.2 36271.5 0.681286 6062.89 24816.4 0.75569 6964.45 11455.1 0.392023 771.628 1163.47 0.336789 15442.1 20967.6 0.263525 5160.51 8424.12 0.387413 10750.8 12543.5 0.142919 4299.66 9445.94 0.544814 0.1852 0.1907 0.1463 0.19444 -1 2.06 0.19444 18.54 1.298 FM 6371001 0.14815 -1
637 1 2 1066 1066 135 135 21243.8 57239.1 0.628858 8322.8 33240.5 0.749619 14831 23998.6 0.382006 4002.96 10609.4 0.622698 9113.75 36271.5 0.748735 4761.82 24816.4 0.808118 5728.79 11455.1 0.499893 601.02 1163.47 0.483426 13401.3 20967.6 0.360855 4279.57 8424.12 0.491986 9646.32 12543.5 0.230971 3721.41 9445.94 0.60603 0.3739 0.3463 0.2389 0.35185 -1 2.23 0.35185 33.381 2.317 FM 6371002 0.24075 -1
637 1 26 1066 1047 135 132 25496.9 57239.1 0.554556 10253 33240.5 0.691551 16919 23998.6 0.295001 5664.27 10609.4 0.466109 11614 36271.5 0.679803 6008.31 24816.4 0.757889 6889.51 11455.1 0.398565 743.279 1163.47 0.361154 15007.1 20967.6 0.284275 4926.56 8424.12 0.415185 10472.2 12543.5 0.165133 5081.14 9445.94 0.462082 0.2357 0.2222 0.1574 0.22593 -1 2.34 0.22593 21.43 1.436 FM 6371026 0.157425 -1
637 1 47 1066 1066 135 135 22083.4 57239.1 0.614191 8793.45 33240.5 0.73546 15021.9 23998.6 0.374052 4370.41 10609.4 0.588063 9645.12 36271.5 0.734085 4876.15 24816.4 0.803511 6001.83 11455.1 0.476057 573.314 1163.47 0.507239 13502.5 20967.6 0.356029 4606.49 8424.12 0.453179 9481.28 12543.5 0.244128 4004.33 9445.94 0.576079 0.2899 0.2833 0.1889 0.29074 -1 1.54 0.29074 26.385 2.078 FM 6371047 0.188875 -1
637 1 55 1066 1066 135 135 26297.2 57239.1 0.540572 10118.8 33240.5 0.695588 17314 23998.6 0.278544 4154.03 10609.4 0.608458 11562 36271.5 0.681237 5764.85 24816.4 0.7677 7025.45 11455.1 0.386698 722.988 1163.47 0.378594 15441.1 20967.6 0.263573 5093.88 8424.12 0.395323 10621.9 12543.5 0.153196 3645.22 9445.94 0.614097 0.2245 0.213 0.1537 0.22037 -1 2.34 0.22037 20.69 1.268 FM 6371055 0.1611 -1
637 1 56 1066 1066 135 135 24925.8 57239.1 0.564533 9058.98 33240.5 0.727472 17449.2 23998.6 0.272908 3614.3 10609.4 0.659331 10313.4 36271.5 0.71566 5241.26 24816.4 0.788798 6621.6 11455.1 0.421953 716.152 1163.47 0.38447 15522.9 20967.6 0.259672 4812.79 8424.12 0.428689 11066.6 12543.5 0.117745 3027.31 9445.94 0.679512 0.2334 0.2315 0.1704 0.23519 -1 2.29 0.23519 22.606 1.38 FM 6371056 0.17035 -1
637 1 63 1066 1066 135 135 22216.6 57239.1 0.611864 8179.34 33240.5 0.753934 15445 23998.6 0.356422 4506.66 10609.4 0.575221 9355.41 36271.5 0.742073 4716.25 24816.4 0.809954 5942.6 11455.1 0.481228 633.453 1163.47 0.455549 13999.8 20967.6 0.332311 4267.92 8424.12 0.493369 10017.1 12543.5 0.201413 4071.93 9445.94 0.568923 0.2839 0.2685 0.1519 0.27037 -1 2.85 0.27037 24.183 1.151 FM 6371063 0.151875 -1
637 1 75 1066 1066 135 135 23072 57239.1 0.596919 8225.73 33240.5 0.752539 16119.3 23998.6 0.328325 5186.72 10609.4 0.511122 9385.06 36271.5 0.741255 4765.69 24816.4 0.807962 6025.12 11455.1 0.474024 634.444 1163.47 0.454698 14625.8 20967.6 0.302457 4526.67 8424.12 0.462654 10508.2 12543.5 0.162261 4760.28 9445.94 0.49605 0.2635 0.2407 0.1704 0.24444 -1 2.42 0.24444 23.199 1.428 FM 6371075 0.174075 -1
637 1 77 1066 1066 135 135 27997.8 57239.1 0.510863 11654.2 33240.5 0.649397 17863.4 23998.6 0.255651 4778.14 10609.4 0.549633 13007.7 36271.5 0.641379 7062.46 24816.4 0.715411 7079.85 11455.1 0.38195 709.832 1163.47 0.389902 15978.1 20967.6 0.237966 5284.87 8424.12 0.37265 11050 12543.5 0.119064 4469.59 9445.94 0.526825 0.2222 0.1981 0.1296 0.20556 -1 1.97 0.20556 19.588 1.402 FM 6371077 0.127775 -1
637 1 80 1066 1066 135 135 23297.7 57239.1 0.592976 8842.09 33240.5 0.733996 15914.5 23998.6 0.336857 4616.57 10609.4 0.564861 10285.7 36271.5 0.716423 5235.16 24816.4 0.789044 6314.67 11455.1 0.448747 603.052 1163.47 0.481679 14167.3 20967.6 0.324326 4558.34 8424.12 0.458894 9912.81 12543.5 0.209726 4266.7 9445.94 0.548303 0.2422 0.1981 0.1333 0.2037 -1 2.21 0.2037 19.334 1.211 FM 6371080 0.133325 -1
637 1 102 1066 1066 135 135 26280.3 57239.1 0.540868 10343.5 33240.5 0.688827 17585.5 23998.6 0.26723 5120.39 10609.4 0.517373 11558.4 36271.5 0.681337 6133.51 24816.4 0.752844 6719.04 11455.1 0.413447 642.458 1163.47 0.44781 15656.5 20967.6 0.253303 4730.44 8424.12 0.438465 11211.9 12543.5 0.10616 4575.05 9445.94 0.51566 0.2111 0.1907 0.1407 0.19815 -1 2.31 0.19815 18.293 1.204 FM 6371102 0.14445 -1
637 1 103 1066 1066 135 135 25823.9 57239.1 0.548842 10258.3 33240.5 0.691391 16880.3 23998.6 0.296616 4434.57 10609.4 0.582015 11582.1 36271.5 0.680684 6129.39 24816.4 0.75301 6668.39 11455.1 0.417869 624.949 1163.47 0.462858 15320.1 20967.6 0.269346 4952.85 8424.12 0.412064 10547.7 12543.5 0.159115 4011.25 9445.94 0.575347 0.2486 0.2278 0.1537 0.22778 -1 2.66 0.22778 21.139 1.232 FM 6371103 0.1537 -1
637 1 117 1066 1058 135 134 25258.3 57239.1 0.558723 10280.2 33240.5 0.690732 16562.7 23998.6 0.309848 3508.3 10609.4 0.669322 11627.9 36271.5 0.679421 6220.49 24816.4 0.749339 6746.43 11455.1 0.411056 603.087 1163.47 0.481649 14910.6 20967.6 0.288877 4942.89 8424.12 0.413246 10416.7 12543.5 0.169552 3102.49 9445.94 0.671553 0.2859 0.2648 0.1815 0.26667 -1 2.44 0.26667 23.927 1.576 FM 6371117 0.17965 -1
637 1 119 1066 1066 135 135 20821 57239.1 0.636245 7935.35 33240.5 0.761275 14599.6 23998.6 0.391649 4099.14 10609.4 0.613632 8778.51 36271.5 0.757978 4542.41 24816.4 0.816959 5517.82 11455.1 0.51831 626.432 1163.47 0.461584 13279.7 20967.6 0.366655 4014.9 8424.12 0.523404 9614.03 12543.5 0.233546 3724.79 9445.94 0.605673 0.2845 0.2667 0.1759 0.27407 -1 2.14 0.27407 25.402 1.609 FM 6371119 0.177775 -1
637 1 127 1066 1066 135 135 26185.3 57239.1 0.542527 10797.1 33240.5 0.675183 16965.2 23998.6 0.293077 5436.53 10609.4 0.487575 11948.5 36271.5 0.670582 6271.61 24816.4 0.747279 6830.83 11455.1 0.403688 773.781 1163.47 0.334938 15250.1 20967.6 0.272686 5201.14 8424.12 0.38259 10667 12543.5 0.149598 4779.25 9445.94 0.494042 0.1872 0.1759 0.1185 0.17778 -1 2.25 0.17778 16.743 1.021 FM 6371127 0.118525 -1
637 1 165 1066 1066 135 135 26276.3 57239.1 0.540939 10509.4 33240.5 0.683838 17614.7 23998.6 0.266014 2934.42 10609.4 0.723413 11813.9 36271.5 0.674292 6103.74 24816.4 0.754044 7074.98 11455.1 0.382374 696.607 1163.47 0.401269 16025.3 20967.6 0.235714 5356 8424.12 0.364206 11193.6 12543.5 0.107618 2607.54 9445.94 0.723951 0.2193 0.2148 0.1667 0.22037 -1 2.14 0.22037 20.472 1.43 FM 6371165 0.16665 -1
637 1 166 1066 1066 135 135 24313.8 57239.1 0.575224 8921.2 33240.5 0.731617 16767.9 23998.6 0.301298 3929.86 10609.4 0.629587 10494.8 36271.5 0.71066 4979.64 24816.4 0.79934 6711.61 11455.1 0.414095 702.405 1163.47 0.396286 14851.9 20967.6 0.291677 4795.97 8424.12 0.430686 10502.6 12543.5 0.162704 3507.28 9445.94 0.6287 0.2745 0.2463 0.1944 0.25185 -1 2.13 0.25185 24.901 1.882 FM 6371166 0.194425 -1
637 1 173 1066 1066 135 135 24925.8 57239.1 0.564533 9058.98 33240.5 0.727472 17449.2 23998.6 0.272908 3614.3 10609.4 0.659331 10313.4 36271.5 0.71566 5241.26 24816.4 0.788798 6621.6 11455.1 0.421953 716.152 1163.47 0.38447 15522.9 20967.6 0.259672 4812.79 8424.12 0.428689 11066.6 12543.5 0.117745 3027.31 9445.94 0.679512 0.2334 0.2315 0.1704 0.23519 -1 2.29 0.23519 22.606 1.38 FM 6371173 0.17035 -1
637 1 174 1066 1066 135 135 25648 57239.1 0.551914 10823.6 33240.5 0.674386 16858.8 23998.6 0.297511 4219.18 10609.4 0.602317 11627.8 36271.5 0.679422 6258.45 24816.4 0.747809 6806.16 11455.1 0.405841 564.118 1163.47 0.515143 15181.9 20967.6 0.275938 4933.1 8424.12 0.414408 10590.2 12543.5 0.155725 3948.88 9445.94 0.581949 0.241 0.2296 0.1704 0.23148 -1 2.37 0.23148 22.293 1.418 FM 6371174 0.172225 -1
637 1 213 1066 1052 135 133 26367.3 57239.1 0.539349 10740 33240.5 0.6769 17358 23998.6 0.27671 4624.17 10609.4 0.564145 12038.3 36271.5 0.668106 6543.6 24816.4 0.736319 6905.08 11455.1 0.397206 740.406 1163.47 0.363624 15374.8 20967.6 0.266734 5053.24 8424.12 0.400147 10743.8 12543.5 0.143478 4058.12 9445.94 0.570385 0.2226 0.2204 0.1333 0.22037 -1 2.87 0.22037 20.035 0.908 FM 6371213 0.133325 -1
637 1 214 1066 1066 135 135 26005.1 57239.1 0.545676 10469 33240.5 0.685053 17159.1 23998.6 0.284997 3745.26 10609.4 0.646987 11609.5 36271.5 0.679929 6149.37 24816.4 0.752205 6710.29 11455.1 0.414211 558.692 1163.47 0.519806 15242.6 20967.6 0.273041 4816.4 8424.12 0.428261 10789.3 12543.5 0.139851 3279.75 9445.94 0.652787 0.246 0.2444 0.1593 0.2463 -1 2.92 0.2463 22.282 1.26 FM 6371214 0.1574 -1
637 1 215 1066 1066 135 135 20820.1 57239.1 0.636261 8017.53 33240.5 0.758802 14762 23998.6 0.384883 4012.52 10609.4 0.621796 8795.46 36271.5 0.75751 4586.25 24816.4 0.815192 5534.34 11455.1 0.516868 630.791 1163.47 0.457837 13384.6 20967.6 0.361656 4026.49 8424.12 0.522029 9708.41 12543.5 0.226021 3654.03 9445.94 0.613164 0.283 0.2704 0.1796 0.27222 -1 2.42 0.27222 25.417 1.427 FM 6371215 0.179625 -1
637 1 218 1066 1066 135 135 26586.3 57239.1 0.535522 11291.1 33240.5 0.660321 17049.1 23998.6 0.289579 3825 10609.4 0.639471 12009.2 36271.5 0.668908 6544.9 24816.4 0.736267 6868.73 11455.1 0.400379 684.704 1163.47 0.411499 15481.4 20967.6 0.261651 5313.24 8424.12 0.369283 10525.6 12543.5 0.160873 3369.56 9445.94 0.64328 0.1872 0.1815 0.1352 0.18519 -1 1.87 0.18519 17.334 1.372 FM 6371218 0.13335 -1
637 1 229 1066 1066 135 135 27404.8 57239.1 0.521223 12067.5 33240.5 0.636963 17457.4 23998.6 0.272568 4915.76 10609.4 0.536661 13132.3 36271.5 0.637945 7645.3 24816.4 0.691925 7191.74 11455.1 0.372182 803.374 1163.47 0.309503 15530.1 20967.6 0.259328 5412.88 8424.12 0.357454 10642.9 12543.5 0.151522 4369.38 9445.94 0.537433 0.1858 0.187 0.1241 0.19815 -1 3.07 0.19815 18.044 0.82 FM 6371229 0.127775 -1
637 1 236 1066 1066 135 135 24114.3 57239.1 0.578709 9019.51 33240.5 0.728659 16703.5 23998.6 0.303983 3150.89 10609.4 0.70301 10090.3 36271.5 0.721813 5164.41 24816.4 0.791895 6380.06 11455.1 0.443039 698.738 1163.47 0.399437 14928.9 20967.6 0.288004 4599.39 8424.12 0.454021 10728 12543.5 0.144738 2811.15 9445.94 0.702396 0.2192 0.2148 0.1519 0.22222 -1 2.51 0.22222 21.093 1.301 FM 6371236 0.150025 -1
637 1 244 1066 1066 135 135 26528.7 57239.1 0.536528 10945.6 33240.5 0.670716 17462.8 23998.6 0.272341 5223.58 10609.4 0.507647 12052.4 36271.5 0.667718 6465.56 24816.4 0.739464 6912.18 11455.1 0.396586 734.11 1163.47 0.369035 15773.6 20967.6 0.247719 5146.24 8424.12 0.389106 11067.1 12543.5 0.117706 4779.81 9445.94 0.493983 0.1753 0.1611 0.1222 0.16481 -1 2.06 0.16481 14.967 0.972 FM 6371244 0.116675 -1
637 1 273 1066 1066 135 135 25838.4 57239.1 0.548588 10311.9 33240.5 0.689779 17306 23998.6 0.278876 4857.36 10609.4 0.542165 11560.2 36271.5 0.681286 6062.89 24816.4 0.75569 6964.45 11455.1 0.392023 771.628 1163.47 0.336789 15442.1 20967.6 0.263525 5160.51 8424.12 0.387413 10750.8 12543.5 0.142919 4299.66 9445.94 0.544814 0.1852 0.1907 0.1463 0.19444 -1 2.06 0.19444 18.54 1.298 FM 6371273 0.14815 -1
637 1 275 1066 1066 135 135 27729.5 57239.1 0.51555 10996 33240.5 0.669199 18141 23998.6 0.244082 5398.75 10609.4 0.491136 12165.8 36271.5 0.664591 6267.2 24816.4 0.747457 7480.55 11455.1 0.346969 722.071 1163.47 0.379383 16309.7 20967.6 0.222151 5384.64 8424.12 0.360807 11146.5 12543.5 0.111373 4916.9 9445.94 0.47947 0.2566 0.2185 0.1537 0.22037 -1 2.44 0.22037 20.931 1.377 FM 6371275 0.15185 -1
637 1 276 1066 1066 135 135 26046.5 57239.1 0.544953 10675.8 33240.5 0.678832 16986.3 23998.6 0.292198 4561.11 10609.4 0.570088 11902 36271.5 0.671864 6456.24 24816.4 0.739839 6765.83 11455.1 0.409362 680.154 1163.47 0.41541 15075 20967.6 0.281034 4877.26 8424.12 0.421037 10483.4 12543.5 0.164237 4235.21 9445.94 0.551637 0.2422 0.2296 0.1556 0.22963 -1 2.18 0.22963 21.413 1.404 FM 6371276 0.15555 -1
637 1 286 1066 1066 135 135 26046.5 57239.1 0.544953 10675.8 33240.5 0.678832 16986.3 23998.6 0.292198 4561.11 10609.4 0.570088 11902 36271.5 0.671864 6456.24 24816.4 0.739839 6765.83 11455.1 0.409362 680.154 1163.47 0.41541 15075 20967.6 0.281034 4877.26 8424.12 0.421037 10483.4 12543.5 0.164237 4235.21 9445.94 0.551637 0.2422 0.2296 0.1556 0.22963 -1 2.18 0.22963 21.413 1.404 FM 6371286 0.15555 -1
637 1 291 1066 1066 135 135 21139.3 57239.1 0.630685 7880.99 33240.5 0.76291 14900.3 23998.6 0.379119 4006.8 10609.4 0.622336 8809.26 36271.5 0.75713 4560.14 24816.4 0.816245 5583.46 11455.1 0.51258 598.309 1163.47 0.485756 13362.1 20967.6 0.362728 3988.26 8424.12 0.526567 9534.58 12543.5 0.239879 3631.66 9445.94 0.615532 0.3142 0.2981 0.187 0.30185 -1 2.73 0.30185 27.446 1.484 FM 6371291 0.188875 -1
637 1 296 1066 1066 135 135 25113.3 57239.1 0.561256 9169.35 33240.5 0.724151 17106 23998.6 0.287209 3671.85 10609.4 0.653906 10431.9 36271.5 0.712394 5278.94 24816.4 0.78728 6484.64 11455.1 0.433909 723.341 1163.47 0.378291 15273.3 20967.6 0.271579 4819.29 8424.12 0.427918 10750.8 12543.5 0.142917 3053.84 9445.94 0.676704 0.2299 0.2148 0.1611 0.22593 -1 2.27 0.22593 21.085 1.352 FM 6371296 0.1611 -1
637 1 307 1066 1066 135 135 26616.4 57239.1 0.534996 10140.3 33240.5 0.694941 17548.3 23998.6 0.26878 3943.09 10609.4 0.62834 11489.9 36271.5 0.683224 6119.43 24816.4 0.753411 6709.07 11455.1 0.414317 674.3 1163.47 0.420441 15792.8 20967.6 0.246801 4829.86 8424.12 0.426663 11114.8 12543.5 0.113897 3627.3 9445.94 0.615994 0.2553 0.2463 0.1889 0.24815 -1 2.14 0.24815 23.705 1.744 FM 6371307 0.188875 -1
637 1 314 1066 1066 135 135 27213.2 57239.1 0.52457 10724.1 33240.5 0.677378 17845 23998.6 0.256417 4189.34 10609.4 0.60513 12088 36271.5 0.666736 6191.67 24816.4 0.750501 7288.88 11455.1 0.363701 675.823 1163.47 0.419132 15852.4 20967.6 0.243961 5262.15 8424.12 0.375347 11070.6 12543.5 0.117423 3789.93 9445.94 0.598777 0.2515 0.2241 0.1574 0.22222 -1 2.17 0.22222 20.832 1.54 FM 6371314 0.153725 -1
637 1 319 1066 1066 135 135 24925.8 57239.1 0.564533 9058.98 33240.5 0.727472 17449.2 23998.6 0.272908 3614.3 10609.4 0.659331 10313.4 36271.5 0.71566 5241.26 24816.4 0.788798 6621.6 11455.1 0.421953 716.152 1163.47 0.38447 15522.9 20967.6 0.259672 4812.79 8424.12 0.428689 11066.6 12543.5 0.117745 3027.31 9445.94 0.679512 0.2334 0.2315 0.1704 0.23519 -1 2.29 0.23519 22.606 1.38 FM 6371319 0.17035 -1
637 1 321 1066 1066 135 135 23257 57239.1 0.593687 8734.78 33240.5 0.737225 16040.4 23998.6 0.331611 4612.5 10609.4 0.565245 9438.35 36271.5 0.739786 4703.91 24816.4 0.810451 6049.09 11455.1 0.471932 661.872 1163.47 0.431123 14588.3 20967.6 0.304245 4566.62 8424.12 0.457912 10342.7 12543.5 0.175457 4062.77 9445.94 0.569892 0.2313 0.2278 0.1667 0.23333 -1 1.99 0.23333 22.097 1.629 FM 6371321 0.168525 -1
637 1 345 1066 1066 135 135 26572.6 57239.1 0.535762 10739.8 33240.5 0.676908 17325.7 23998.6 0.278055 5256.89 10609.4 0.504507 12085.8 36271.5 0.666796 6146.2 24816.4 0.752333 7200.99 11455.1 0.371374 795.065 1163.47 0.316645 15501.3 20967.6 0.260701 5344.92 8424.12 0.365522 10623.4 12543.5 0.153078 4736 9445.94 0.49862 0.1882 0.1759 0.1259 0.17963 -1 1.92 0.17963 17.17 1.241 FM 6371345 0.125925 -1
637 1 366 1066 1066 135 135 22216.6 57239.1 0.611864 8179.34 33240.5 0.753934 15445 23998.6 0.356422 4506.66 10609.4 0.575221 9355.41 36271.5 0.742073 4716.25 24816.4 0.809954 5942.6 11455.1 0.481228 633.453 1163.47 0.455549 13999.8 20967.6 0.332311 4267.92 8424.12 0.493369 10017.1 12543.5 0.201413 4071.93 9445.94 0.568923 0.2839 0.2685 0.1519 0.27037 -1 2.85 0.27037 24.183 1.151 FM 6371366 0.151875 -1
637 1 380 1066 1066 135 135 20943.5 57239.1 0.634104 7887.93 33240.5 0.762701 14517.2 23998.6 0.395083 3852.04 10609.4 0.636922 8799.62 36271.5 0.757396 4331.2 24816.4 0.82547 5702.69 11455.1 0.502171 572.204 1163.47 0.508192 13039.9 20967.6 0.378096 4206.51 8424.12 0.50066 9364.03 12543.5 0.253476 3616.33 9445.94 0.617155 0.3683 0.3574 0.2481 0.36296 -1 2.56 0.36296 34.937 2.146 FM 6371380 0.24445 -1
637 1 409 1066 1066 135 135 24222.3 57239.1 0.576823 8985.56 33240.5 0.72968 16955.7 23998.6 0.293473 3737.66 10609.4 0.647703 10376.2 36271.5 0.713928 5189.17 24816.4 0.790897 6581.82 11455.1 0.425426 653.352 1163.47 0.438446 15099.2 20967.6 0.279882 4773.8 8424.12 0.433318 10873.5 12543.5 0.133137 3379.46 9445.94 0.642231 0.2645 0.2574 0.1685 0.25926 -1 2.11 0.25926 23.587 1.491 FM 6371409 0.16665 -1
637 1 428 1066 1066 135 135 20334.7 57239.1 0.644741 7798.3 33240.5 0.765398 14137.7 23998.6 0.410894 3627.39 10609.4 0.658097 8622.93 36271.5 0.762267 4453.69 24816.4 0.820534 5405.62 11455.1 0.528105 575.816 1163.47 0.505088 12698.7 20967.6 0.394364 4068.76 8424.12 0.51701 9194.93 12543.5 0.266957 3444 9445.94 0.635399 0.3657 0.3444 0.2407 0.35926 -1 2.26 0.35926 34.175 2.164 FM 6371428 0.24445 -1
637 1 452 1066 1066 135 135 23816.4 57239.1 0.583914 9783.68 33240.5 0.70567 16416.5 23998.6 0.31594 4141.26 10609.4 0.609662 10863 36271.5 0.700509 5753.99 24816.4 0.768137 6577.59 11455.1 0.425795 709.86 1163.47 0.389878 14913 20967.6 0.288759 5015.55 8424.12 0.404621 10441 12543.5 0.167616 3632.78 9445.94 0.615413 0.2544 0.2352 0.15 0.23519 -1 2.53 0.23519 21.025 1.101 FM 6371452 0.1463 -1
637 1 457 1066 1066 135 135 22087.8 57239.1 0.614114 8851.86 33240.5 0.733702 15506.5 23998.6 0.353861 4144.15 10609.4 0.60939 9537.85 36271.5 0.737043 4849.61 24816.4 0.80458 6054.27 11455.1 0.47148 560.649 1163.47 0.518124 13983.1 20967.6 0.333111 4685.65 8424.12 0.443782 9916.61 12543.5 0.209423 3874.98 9445.94 0.589773 0.3121 0.2685 0.1852 0.27037 -1 2.33 0.27037 26.981 1.852 FM 6371457 0.185175 -1
637 1 476 1066 1066 135 135 28473.7 57239.1 0.502549 11750.1 33240.5 0.646513 17835.2 23998.6 0.256824 4379.06 10609.4 0.587248 13156.1 36271.5 0.637288 7056.22 24816.4 0.715663 7339.3 11455.1 0.3593 693.521 1163.47 0.403921 15731.6 20967.6 0.249722 5304.47 8424.12 0.370324 10761.2 12543.5 0.142093 4114.79 9445.94 0.564386 0.1953 0.1796 0.1315 0.18519 -1 2.49 0.18519 16.993 1.041 FM 6371476 0.131475 -1
643 1 314 591 591 73 73 15119.8 32747.1 0.538286 4401.65 17377.4 0.746703 11908.7 15369.6 0.225179 1702.44 4847.4 0.648794 5335.2 18848.9 0.716948 2163.44 12762.5 0.830485 3864.67 6086.38 0.365029 545.245 875.245 0.377037 11149 13898.2 0.19781 2898.86 4614.92 0.371851 8459.31 9283.26 0.0887566 1403.01 3972.16 0.64679 0.2335 0.25 0.2192 0.25685 -1 0.9 0.25685 24.52 1.799 TBM 6431314 0.2192 -1
