target domain group target_atoms_count model_atoms_count target_residues_count model_residues_count AA_diff AA_ref AA AM_diff AM_ref AM AS_diff AS_ref AS AW_diff AW_ref AW MA_diff MA_ref MA MM_diff MM_ref MM MS_diff MS_ref MS MW_diff MW_ref MW SA_diff SA_ref SA SM_diff SM_ref SM SS_diff SS_ref SS SW_diff SW_ref SW TM_score TM_score_GDT_TS TM_score_GDT_HA LGA_GDT_TS MolProbityScore CASP_RMSD CASP_GDT_TS CASP_LGA_S3 CASP_LGA_Q target_class model_unique_id CASP_GDT_HA interface_AA
516 1 180 1847 1875 227 227 44709.2 90797.1 0.507593 12580.4 47460.4 0.734928 33254.6 43336.8 0.232646 4679.19 11407.3 0.589809 14247.3 51569.9 0.723728 6223.57 35330 0.823845 9513.56 16239.9 0.414188 1031.41 2171.04 0.524923 31229.8 39227.2 0.203876 7421.69 12130.4 0.388174 24159.1 27096.8 0.108417 3893.92 9236.3 0.578412 0.2602 0.1806 0.1123 0.18502 -1 2.69 0.18502 16.587 1.793 TBM 5161180 0.11015 -1
521 2 14 583 586 70 70 12419.4 25013.2 0.503488 4588.96 14240.3 0.677749 8311.18 10772.9 0.22851 2000.01 5177.45 0.613708 4865.91 15172.5 0.679295 2450.96 10720.8 0.771382 2956.72 4451.78 0.335834 423.442 973.412 0.564992 7737.49 9840.7 0.213726 2442.74 3519.58 0.305958 5536.01 6321.13 0.124205 1671.56 4204.04 0.602392 0.2274 0.2821 0.2 0.28929 -1 2.42 0.28929 25.879 0.754 TBM 5212014 0.196425 -1
533 1 55 1456 1484 199 199 31964.3 71501.2 0.552954 13886.7 39111 0.644941 21417 32390.2 0.338783 3947.21 9651.02 0.591006 14827.9 42915.8 0.654489 8648.03 28519.2 0.696765 8914.76 14396.5 0.380771 1109.62 2610.46 0.574934 19185.3 28585.4 0.328843 6881.34 10591.8 0.350313 13093.1 17993.7 0.272349 3078.46 7040.57 0.562754 0.4505 0.3631 0.2362 0.3706 -1 1.87 0.3706 34.199 4.254 TBM 5331055 0.24245 -1
534 1 321 1402 1406 178 178 33232.8 68983 0.518247 10509.2 36845.3 0.714775 24140.9 32137.7 0.248829 3681.33 9031.44 0.592387 11634.3 40000.5 0.709146 4965.01 26496.6 0.812617 7995.67 13503.9 0.407899 951.63 1901.58 0.499559 22459.7 28982.5 0.22506 6336.25 10348.7 0.387723 16534.2 18633.8 0.112677 2943.62 7129.86 0.587142 0.3456 0.2823 0.2177 0.29213 -1 1.75 0.29213 26.806 3.077 FM 5341321 0.2205 -1
534 2 428 1347 1347 176 176 32997.8 66913.7 0.50686 11088 37110.6 0.701218 23184 29803.1 0.222092 3658.26 8714.18 0.580195 12604.3 40283.3 0.687108 5554.92 27612.3 0.798825 8290.41 12671 0.345718 904.608 1670.73 0.458557 21104.1 26630.4 0.207518 6162.76 9498.31 0.351173 15395.1 17132 0.101389 2937.2 7043.45 0.582988 0.2251 0.2031 0.1378 0.20739 -1 2.06 0.20739 18.104 1.571 FM 5342428 0.140625 -1
540 1 55 716 717 90 90 15267.5 32233.5 0.526347 5566.25 16842.2 0.669505 11088.1 15391.3 0.279587 1897.27 5483.95 0.654032 5880.04 18338.7 0.679364 3130.43 12436.8 0.748294 3827.6 5901.84 0.351457 504.556 1420.06 0.644693 10284 13894.8 0.259869 2988.08 4405.31 0.321709 7522.32 9489.46 0.207296 1492.99 4063.89 0.632622 0.3707 0.3472 0.2528 0.35556 -1 1.84 0.35556 32.85 1.858 TBM 5401055 0.263875 -1
544 1 2 1085 1085 135 135 25219.7 52084.7 0.515794 8318.3 27771.2 0.70047 17877.2 24313.5 0.264722 2572.4 7442.11 0.654345 8971.13 29899.5 0.699957 4279.07 20387.7 0.790116 5666.22 9511.72 0.404291 704.88 1692.87 0.583618 16842.8 22185.2 0.240809 4658.53 7383.46 0.369058 12751.3 14801.8 0.138532 2097.08 5749.24 0.635243 0.442 0.3667 0.2352 0.37963 -1 2.17 0.37963 34.272 2.559 FM 5441002 0.235175 -1
544 1 80 1085 1086 135 135 24813.6 52084.7 0.523591 8175.02 27771.2 0.70563 17850.9 24313.5 0.265803 2651.04 7442.11 0.643778 8733.95 29899.5 0.707889 4113.17 20387.7 0.798253 5615.69 9511.72 0.409603 716.602 1692.87 0.576694 16881.3 22185.2 0.239073 4607.73 7383.46 0.375939 12730.8 14801.8 0.139914 2166.77 5749.24 0.62312 0.4418 0.3648 0.2315 0.37778 -1 2.18 0.37778 34.132 2.544 FM 5441080 0.229625 -1
544 1 119 1085 1086 135 135 25424.9 52084.7 0.511854 8226.27 27771.2 0.703784 18125.1 24313.5 0.254527 2540.04 7442.11 0.658693 8841.93 29899.5 0.704278 4244.15 20387.7 0.791829 5647.22 9511.72 0.406288 695.986 1692.87 0.588872 17064.6 22185.2 0.230811 4623.14 7383.46 0.373852 12726 14801.8 0.140238 2106.63 5749.24 0.633581 0.4409 0.3667 0.2333 0.37963 -1 2.18 0.37963 34.383 2.543 FM 5441119 0.233325 -1
544 1 215 1085 1085 135 135 25842.6 52084.7 0.503835 8081.24 27771.2 0.709006 18741.7 24313.5 0.229167 2810.34 7442.11 0.622373 9262.24 29899.5 0.690221 4242.29 20387.7 0.79192 6045.68 9511.72 0.364397 740.037 1692.87 0.56285 17437.8 22185.2 0.213992 4761.51 7383.46 0.355111 13048.3 14801.8 0.118463 2248.98 5749.24 0.608821 0.315 0.3019 0.1833 0.30926 -1 2.74 0.30926 26.776 1.586 FM 5441215 0.188875 -1
544 1 236 1085 1086 135 135 24524.5 52084.7 0.529143 8565.06 27771.2 0.691585 17666.5 24313.5 0.273387 2889.63 7442.11 0.611719 9057.21 29899.5 0.697078 4441.86 20387.7 0.782131 6008.29 9511.72 0.368327 724.338 1692.87 0.572124 16501.6 22185.2 0.256189 4931.93 7383.46 0.33203 12088.8 14801.8 0.183287 2284.68 5749.24 0.602612 0.3338 0.2944 0.2019 0.29815 -1 2.51 0.29815 27.935 1.801 FM 5441236 0.20555 -1
544 1 321 1085 1085 135 135 25480.4 52084.7 0.510789 8411.18 27771.2 0.697126 18302.9 24313.5 0.247213 3279.39 7442.11 0.559346 9339.91 29899.5 0.687623 4380.96 20387.7 0.785118 6106.47 9511.72 0.358005 836.934 1692.87 0.505612 17175.6 22185.2 0.22581 4918.34 7383.46 0.33387 12534.1 14801.8 0.1532 2666.24 5749.24 0.536244 0.3015 0.263 0.1759 0.26852 -1 2.38 0.26852 23.595 1.413 FM 5441321 0.179625 -1
544 1 380 1085 1086 135 135 24860.6 52084.7 0.522688 8464.95 27771.2 0.69519 17709.4 24313.5 0.271622 3251.35 7442.11 0.563114 9187 29899.5 0.692737 4418.84 20387.7 0.78326 6167.08 9511.72 0.351633 887.932 1692.87 0.475487 16794.4 22185.2 0.242992 5015.36 7383.46 0.320731 12098.9 14801.8 0.182603 2625.86 5749.24 0.543268 0.3475 0.3259 0.2056 0.33704 -1 2.51 0.33704 29.168 1.724 FM 5441380 0.20925 -1
544 1 428 1085 1086 135 135 25900.6 52084.7 0.502721 8662.78 27771.2 0.688066 18207.5 24313.5 0.251135 2868.6 7442.11 0.614544 9589.3 29899.5 0.679282 4298.02 20387.7 0.789186 6248.6 9511.72 0.343063 860.883 1692.87 0.491465 16922 22185.2 0.237241 5071.43 7383.46 0.313136 12269.8 14801.8 0.171062 2178.44 5749.24 0.621091 0.3848 0.3185 0.187 0.32407 -1 2.89 0.32407 29.712 1.572 FM 5441428 0.190725 -1
544 1 457 1085 1086 135 135 25892 52084.7 0.502886 9061.17 27771.2 0.673721 18440.1 24313.5 0.241568 3154.78 7442.11 0.576091 10122.9 29899.5 0.661435 5297.33 20387.7 0.740171 6183.44 9511.72 0.349913 958.809 1692.87 0.433619 17136.4 22185.2 0.227577 4956.97 7383.46 0.328639 12748.2 14801.8 0.138741 2444.4 5749.24 0.57483 0.4467 0.3722 0.2185 0.37593 -1 2.46 0.37593 34.56 2.342 FM 5441457 0.222225 -1
547 4 174 459 459 56 56 8561.58 18885.3 0.546654 3417.46 11190.4 0.694609 5634.48 7694.89 0.267764 1535.96 4662.27 0.670555 3865.64 12031.1 0.678697 2157.34 8430.38 0.744099 2226.36 3600.75 0.381696 310.663 777.562 0.600465 5094.01 6854.21 0.256805 1692.26 2760.07 0.386877 3453.67 4094.14 0.156435 1257.83 3884.71 0.67621 0.2595 0.3393 0.2277 0.35714 -1 2.33 0.35714 32.9 0.864 FM 5474174 0.23215 -1
547 4 228 459 459 56 56 8702.26 18885.3 0.539206 3498.74 11190.4 0.687346 5749.55 7694.89 0.25281 2006.33 4662.27 0.569666 3652.88 12031.1 0.696381 1897.06 8430.38 0.774974 2263.39 3600.75 0.371411 503.242 777.562 0.352795 5377.36 6854.21 0.215465 1821.28 2760.07 0.34013 3618.76 4094.14 0.116111 1543.34 3884.71 0.602714 0.2684 0.3527 0.2545 0.36607 -1 2.45 0.36607 30.185 0.666 FM 5474228 0.25895 -1
547 3 321 644 644 79 79 14259.9 29963.9 0.524095 4785.23 16242.4 0.705386 10320.7 13721.5 0.247845 2090.53 4991.31 0.581166 5327.91 17690.9 0.698833 2578.99 12002.2 0.785124 3396.89 5688.68 0.402868 403.885 879.921 0.540998 9438.9 12273 0.230919 2580.45 4240.15 0.391425 7158.61 8032.8 0.108828 1779.83 4111.38 0.567097 0.2866 0.3323 0.25 0.33544 -1 1.66 0.33544 30.505 1.423 FM 5473321 0.24685 -1
547 4 380 459 459 56 56 9173.87 18885.3 0.514233 3832.23 11190.4 0.657544 5771.18 7694.89 0.249999 1827.12 4662.27 0.608106 4124.33 12031.1 0.657195 2395.64 8430.38 0.715832 2277.41 3600.75 0.367517 392.392 777.562 0.495356 5282.46 6854.21 0.229312 1880.89 2760.07 0.318535 3600.56 4094.14 0.120558 1565.37 3884.71 0.597042 0.2706 0.3929 0.25 0.39286 -1 2.51 0.39286 33.703 0.728 FM 5474380 0.25 -1
548 2 14 491 492 60 60 9359.78 20507.4 0.543589 3872.12 12008 0.677537 6236.3 8499.39 0.266265 1674.01 4806.28 0.651703 4123.77 12883.5 0.679918 2276.71 9124.42 0.750482 2312.86 3759.06 0.384722 397.975 855.972 0.535061 5784.63 7623.88 0.241248 1801.07 2883.54 0.375396 4241.48 4740.33 0.105236 1413.56 3950.31 0.642165 0.2365 0.275 0.225 0.29167 -1 2.27 0.29167 26.626 0.675 TBM 5482014 0.225 -1
548 2 47 491 492 60 60 8559.49 20507.4 0.582613 3252.7 12008 0.729122 5926.59 8499.39 0.302704 1890.05 4806.28 0.606754 3566.9 12883.5 0.723141 1748.55 9124.42 0.808366 2261.07 3759.06 0.398501 496.359 855.972 0.420123 5327.13 7623.88 0.301257 1693.27 2883.54 0.412782 3828.99 4740.33 0.192251 1617.66 3950.31 0.590499 0.299 0.3583 0.2542 0.37083 -1 2.22 0.37083 34.198 0.947 TBM 5482047 0.25835 -1
548 2 63 491 491 60 60 8348.64 20507.4 0.592895 2977.65 12008 0.752027 5917.43 8499.39 0.303782 1297.05 4806.28 0.730135 3146.53 12883.5 0.75577 1550.26 9124.42 0.830098 2036.4 3759.06 0.458267 390.63 855.972 0.543642 5574.61 7623.88 0.268796 1658.33 2883.54 0.424899 4072.13 4740.33 0.140961 1139.59 3950.31 0.711519 0.3065 0.3792 0.25 0.38333 -1 2.22 0.38333 35.15 0.905 TBM 5482063 0.25415 -1
548 2 229 491 492 60 60 9995.91 20507.4 0.512569 3925.31 12008 0.673108 6393.8 8499.39 0.247734 1816.4 4806.28 0.622079 4175.32 12883.5 0.675917 2372.89 9124.42 0.739941 2375.08 3759.06 0.368172 422.714 855.972 0.506159 5887.63 7623.88 0.227738 1947.75 2883.54 0.324527 4201.08 4740.33 0.113757 1602.23 3950.31 0.594405 0.2501 0.3375 0.2375 0.34583 -1 2.39 0.34583 31.126 0.804 TBM 5482229 0.2375 -1
548 2 244 491 491 60 60 9433.43 20507.4 0.539998 3588.99 12008 0.701116 6457.92 8499.39 0.240189 1610.66 4806.28 0.664885 3793.87 12883.5 0.705524 1898.95 9124.42 0.791882 2340.4 3759.06 0.377398 484.093 855.972 0.434452 5982.21 7623.88 0.215333 1869.24 2883.54 0.351754 4217.87 4740.33 0.110215 1452.43 3950.31 0.632326 0.2341 0.3333 0.225 0.34583 -1 2.93 0.34583 30.068 0.694 TBM 5482244 0.23335 -1
548 2 366 491 491 60 60 9554 20507.4 0.534118 3514.27 12008 0.707338 6573.83 8499.39 0.226553 2149.07 4806.28 0.552862 3775.36 12883.5 0.706961 1979.3 9124.42 0.783077 2330.16 3759.06 0.380122 559.781 855.972 0.346029 6041.4 7623.88 0.207569 1829.22 2883.54 0.365633 4254.46 4740.33 0.102497 1644.48 3950.31 0.583707 0.306 0.375 0.2667 0.38333 -1 2.35 0.38333 34.7 0.94 TBM 5482366 0.26665 -1
548 2 409 491 492 60 60 10110.7 20507.4 0.50697 4169.11 12008 0.652804 6492.57 8499.39 0.236113 1769.66 4806.28 0.631803 4679.94 12883.5 0.636749 2490.34 9124.42 0.727069 2581.18 3759.06 0.313344 498.982 855.972 0.417057 5920.16 7623.88 0.223471 2054.97 2883.54 0.287344 3998.54 4740.33 0.156486 1365.72 3950.31 0.654276 0.2165 0.325 0.2 0.33333 -1 3.09 0.33333 29.101 0.533 TBM 5482409 0.20415 -1
553 2 1 583 583 71 71 11236.9 25611.9 0.561264 4308.39 14364.5 0.700067 7722.36 11247.4 0.313409 1904.03 4913.4 0.612483 4550.61 15299.3 0.702562 2383.42 10813.9 0.779597 2619.89 4485.4 0.415906 404.083 942.952 0.571471 7310.22 10312.6 0.291138 2193.81 3550.62 0.382133 5425.26 6761.99 0.197684 1607.22 3970.45 0.595204 0.3518 0.3908 0.2711 0.39789 -1 2.22 0.39789 37.386 1.337 FM 5532001 0.2817 -1
553 1 14 498 498 63 63 10603.3 21965.7 0.517278 3876.77 12666.9 0.693945 7169.37 9298.83 0.229003 1712.61 4404.02 0.611126 4224.14 13447.3 0.685875 2125.12 9545.06 0.777359 2439.49 3902.26 0.374854 445.18 1035.46 0.570066 6674.91 8518.4 0.216413 1914.93 3121.83 0.386602 4893.48 5396.57 0.0932233 1414.03 3368.56 0.580227 0.2812 0.3095 0.2421 0.3254 -1 1.48 0.3254 29.512 1.264 FM 5531014 0.25 -1
553 2 63 583 583 71 71 12163.9 25611.9 0.525067 4125.05 14364.5 0.712831 8650.49 11247.4 0.230889 1936.45 4913.4 0.605884 4535.95 15299.3 0.703519 2239.14 10813.9 0.792939 2846.61 4485.4 0.365361 457.61 942.952 0.514705 8082.89 10312.6 0.216213 2358.51 3550.62 0.335747 5989.48 6761.99 0.114243 1618.53 3970.45 0.592357 0.2921 0.3275 0.2218 0.33803 -1 2.26 0.33803 30.9 1.018 FM 5532063 0.228875 -1
553 2 80 583 583 71 71 11511.8 25611.9 0.550531 4024.28 14364.5 0.719847 8001.46 11247.4 0.288594 1764.23 4913.4 0.640936 4365.65 15299.3 0.714651 2163.33 10813.9 0.79995 2532.95 4485.4 0.43529 407.759 942.952 0.567572 7616.4 10312.6 0.261448 2191.79 3550.62 0.382703 5678.13 6761.99 0.160287 1562.32 3970.45 0.606512 0.3334 0.3732 0.25 0.39085 -1 2.37 0.39085 37.732 1.257 FM 5532080 0.253525 -1
553 1 103 498 498 63 63 10847.5 21965.7 0.506161 4478.42 12666.9 0.646447 7110.41 9298.83 0.235344 1483.4 4404.02 0.663172 4685.59 13447.3 0.65156 2386.63 9545.06 0.749961 2666.21 3902.26 0.316753 432.486 1035.46 0.582326 6693.3 8518.4 0.214254 2222.6 3121.83 0.288047 4598.25 5396.57 0.147931 1305.58 3368.56 0.612421 0.2912 0.3651 0.2579 0.36905 -1 2.76 0.36905 33.395 0.805 FM 5531103 0.261925 -1
553 2 174 583 583 71 71 12752.7 25611.9 0.50208 4993.59 14364.5 0.652367 8612.1 11247.4 0.234303 2038.78 4913.4 0.585057 5273.44 15299.3 0.655316 2859.16 10813.9 0.735604 3029.49 4485.4 0.32459 510.826 942.952 0.45827 7997.12 10312.6 0.22453 2482.47 3550.62 0.300834 5707.9 6761.99 0.155886 1757.96 3970.45 0.557238 0.3037 0.3486 0.243 0.35211 -1 2.68 0.35211 31.015 0.898 FM 5532174 0.246475 -1
553 2 236 583 567 71 70 11901.8 25611.9 0.535301 4891.68 14364.5 0.659462 8180.44 11247.4 0.272682 1514.96 4913.4 0.691668 5107.79 15299.3 0.666143 2943.44 10813.9 0.72781 2959.72 4485.4 0.340143 421.094 942.952 0.55343 7688.14 10312.6 0.254492 2475.25 3550.62 0.302868 5542.15 6761.99 0.180397 1343.36 3970.45 0.661661 0.2688 0.3275 0.2183 0.33099 -1 2.49 0.33099 28.19 0.812 FM 5532236 0.22535 -1
553 1 244 498 498 63 63 10716.2 21965.7 0.512142 4298.09 12666.9 0.660683 7088.57 9298.83 0.237692 1713.51 4404.02 0.610921 4492.38 13447.3 0.665928 2404.27 9545.06 0.748114 2522.95 3902.26 0.353465 586.783 1035.46 0.433312 6733.24 8518.4 0.209565 2125.68 3121.83 0.319091 4705.64 5396.57 0.128031 1266.72 3368.56 0.623957 0.2718 0.2937 0.2262 0.30952 -1 1.8 0.30952 27.694 1.053 FM 5531244 0.2381 -1
553 2 291 583 583 71 71 11972.4 25611.9 0.532545 4514.51 14364.5 0.685719 8092.83 11247.4 0.280471 1997.25 4913.4 0.59351 4745.41 15299.3 0.689829 2709.14 10813.9 0.749476 2598.82 4485.4 0.420604 438.871 942.952 0.534577 7747.56 10312.6 0.24873 2234.34 3550.62 0.370718 5795.21 6761.99 0.142974 1673.72 3970.45 0.578456 0.3455 0.3697 0.2465 0.37324 -1 2.47 0.37324 35.397 1.207 FM 5532291 0.25 -1
553 1 307 498 498 63 63 10475.7 21965.7 0.523089 4178.59 12666.9 0.670117 6874.2 9298.83 0.260746 1577.08 4404.02 0.641899 4464.56 13447.3 0.667996 2314.94 9545.06 0.757473 2600.27 3902.26 0.33365 408.697 1035.46 0.605299 6432.65 8518.4 0.244852 2166.1 3121.83 0.306143 4426.75 5396.57 0.17971 1206.67 3368.56 0.641783 0.2996 0.3651 0.2659 0.36905 -1 2.26 0.36905 35.906 1.143 FM 5531307 0.26985 -1
553 2 366 583 583 71 71 12795.5 25611.9 0.500409 4728.5 14364.5 0.670821 8562.74 11247.4 0.238691 2280.19 4913.4 0.535923 5298.79 15299.3 0.653658 2961.02 10813.9 0.726184 2850.73 4485.4 0.364442 509.21 942.952 0.459982 8083.45 10312.6 0.216159 2373.21 3550.62 0.331609 5971.17 6761.99 0.116951 1937.17 3970.45 0.512103 0.261 0.331 0.2007 0.33803 -1 2.95 0.33803 30.218 0.851 FM 5532366 0.204225 -1
555 1 1 1086 1086 134 134 21174.7 48637.5 0.564643 7309.6 27091.8 0.730192 14784.1 21545.7 0.313823 3100.67 8819.88 0.648445 8119.81 29452.8 0.724311 4030.63 20387.9 0.802303 4990.78 9064.89 0.449438 737.344 1689.65 0.563613 13578.3 19184.7 0.292236 3911.62 6703.98 0.416522 9829.58 12480.8 0.212421 2598.08 7130.22 0.635624 0.2937 0.278 0.209 0.28172 -1 1.55 0.28172 25.569 2.31 FM 5551001 0.20895 -1
555 1 2 1086 1086 134 134 21058.8 48637.5 0.567025 7557.22 27091.8 0.721052 15066.8 21545.7 0.300705 3229.71 8819.88 0.633815 8627.69 29452.8 0.707067 4227.27 20387.9 0.792658 5521.03 9064.89 0.390943 671.067 1689.65 0.602838 13593.2 19184.7 0.291455 4058.98 6703.98 0.394542 9843.45 12480.8 0.211311 2862.57 7130.22 0.598529 0.4134 0.3582 0.2052 0.36381 -1 2.57 0.36381 33.918 2.06 FM 5551002 0.201475 -1
555 1 47 1086 1086 134 134 23836.4 48637.5 0.509918 8651.95 27091.8 0.680644 16386.6 21545.7 0.239449 3064.05 8819.88 0.652597 9638.58 29452.8 0.672745 5038.46 20387.9 0.75287 5651.32 9064.89 0.37657 771.818 1689.65 0.54321 15062.7 19184.7 0.214863 4261.8 6703.98 0.364287 10987.2 12480.8 0.119669 2412.31 7130.22 0.661678 0.2771 0.2556 0.1623 0.2556 -1 2.77 0.2556 23.183 1.325 FM 5551047 0.1642 -1
555 1 55 1086 1086 134 134 20565.8 48637.5 0.577162 7496.59 27091.8 0.72329 14520.8 21545.7 0.326047 3171 8819.88 0.640471 8419.37 29452.8 0.71414 4122.71 20387.9 0.797786 5370.44 9064.89 0.407556 825.898 1689.65 0.511203 13226.3 19184.7 0.310582 4240.54 6703.98 0.367458 9511.45 12480.8 0.237911 2609 7130.22 0.634093 0.3779 0.3414 0.1959 0.34701 -1 2.41 0.34701 31.223 1.869 FM 5551055 0.197775 -1
555 1 63 1086 1086 134 134 21639.6 48637.5 0.555084 7773.1 27091.8 0.713083 14534 21545.7 0.325432 3359.88 8819.88 0.619056 8631 29452.8 0.706954 4350.45 20387.9 0.786616 5169.47 9064.89 0.429726 877.231 1689.65 0.480822 13420.9 19184.7 0.300439 4058.22 6703.98 0.394655 9631.88 12480.8 0.228262 2667.41 7130.22 0.625901 0.3817 0.347 0.2071 0.36194 -1 2.82 0.36194 31.924 1.779 FM 5551063 0.20895 -1
555 1 102 1086 1086 134 134 22899 48637.5 0.529191 8355.12 27091.8 0.6916 15794.7 21545.7 0.266919 3570.68 8819.88 0.595155 9315.01 29452.8 0.683731 4801.27 20387.9 0.764504 5749.02 9064.89 0.365792 962.605 1689.65 0.430295 14433.1 19184.7 0.24768 4390.97 6703.98 0.345021 10494.6 12480.8 0.159136 2766.03 7130.22 0.612069 0.4369 0.3769 0.2015 0.38993 -1 3.08 0.38993 33.652 1.697 FM 5551102 0.207075 -1
555 1 117 1086 1086 134 134 24098.3 48637.5 0.504532 9198.43 27091.8 0.660472 16398.7 21545.7 0.238887 3346.28 8819.88 0.620598 10218.1 29452.8 0.653068 5184.66 20387.9 0.745699 6061.9 9064.89 0.331277 815.811 1689.65 0.517173 15049 19184.7 0.215576 4759.25 6703.98 0.290085 10832.3 12480.8 0.132081 2692.33 7130.22 0.622406 0.3737 0.3116 0.1884 0.31157 -1 2.66 0.31157 27.613 1.704 FM 5551117 0.18655 -1
555 1 119 1086 1086 134 134 20920.7 48637.5 0.569864 7446.12 27091.8 0.725153 15026.2 21545.7 0.302587 3570 8819.88 0.595232 8262.57 29452.8 0.719464 4167.32 20387.9 0.795598 5272.11 9064.89 0.418403 832.302 1689.65 0.507413 13984.9 19184.7 0.271043 4160.63 6703.98 0.379379 10214.4 12480.8 0.181591 2884.88 7130.22 0.5954 0.3633 0.3582 0.2183 0.36194 -1 2.51 0.36194 32.541 1.879 FM 5551119 0.2239 -1
555 1 215 1086 1086 134 134 21802 48637.5 0.551746 7531.18 27091.8 0.722013 15429.4 21545.7 0.283873 3179.77 8819.88 0.639477 8504.57 29452.8 0.711247 4183.32 20387.9 0.794813 5322.26 9064.89 0.412871 764.7 1689.65 0.547422 13974.1 19184.7 0.271605 4018.83 6703.98 0.400531 10319.1 12480.8 0.173202 2549.97 7130.22 0.642371 0.3433 0.3004 0.1847 0.30037 -1 2.73 0.30037 28.916 1.658 FM 5551215 0.1828 -1
555 1 218 1086 1075 134 133 24132.9 48637.5 0.503821 9269 27091.8 0.657868 16343.4 21545.7 0.241451 3547.24 8819.88 0.597813 9973.69 29452.8 0.661367 5312.34 20387.9 0.739436 5937.76 9064.89 0.344971 798.272 1689.65 0.527553 15100.6 19184.7 0.212885 4705.08 6703.98 0.298165 10872.7 12480.8 0.128842 2903.94 7130.22 0.592728 0.3352 0.2724 0.153 0.27799 -1 2.78 0.27799 24.303 1.425 FM 5551218 0.156725 -1
555 1 273 1086 1086 134 134 21174.7 48637.5 0.564643 7309.6 27091.8 0.730192 14784.1 21545.7 0.313823 3100.67 8819.88 0.648445 8119.81 29452.8 0.724311 4030.63 20387.9 0.802303 4990.78 9064.89 0.449438 737.344 1689.65 0.563613 13578.3 19184.7 0.292236 3911.62 6703.98 0.416522 9829.58 12480.8 0.212421 2598.08 7130.22 0.635624 0.2937 0.278 0.209 0.28172 -1 1.55 0.28172 25.569 2.31 FM 5551273 0.20895 -1
555 1 291 1086 1086 134 134 22964.8 48637.5 0.527838 7783.99 27091.8 0.712681 16202.5 21545.7 0.247994 2972.22 8819.88 0.663009 9063.25 29452.8 0.692278 4419.76 20387.9 0.783216 5530.09 9064.89 0.389943 713.175 1689.65 0.577917 14938.6 19184.7 0.22133 4239.31 6703.98 0.367643 10983.1 12480.8 0.119995 2586.93 7130.22 0.637187 0.2522 0.2108 0.1455 0.21269 -1 1.82 0.21269 19.901 1.512 FM 5551291 0.14365 -1
555 1 345 1086 1086 134 134 23746.3 48637.5 0.51177 9246.91 27091.8 0.658683 16028.8 21545.7 0.256056 3285.37 8819.88 0.627504 10091.8 29452.8 0.657357 5606.47 20387.9 0.72501 5797.38 9064.89 0.360458 811.424 1689.65 0.519769 14776.6 19184.7 0.229774 4383.04 6703.98 0.346202 10585.5 12480.8 0.151857 2653.11 7130.22 0.627906 0.3315 0.3022 0.1754 0.3097 -1 2.72 0.3097 27.535 1.489 FM 5551345 0.1791 -1
555 1 366 1086 1086 134 134 23945.3 48637.5 0.507678 9445.67 27091.8 0.651346 15869.4 21545.7 0.263452 3525.68 8819.88 0.600257 10536.6 29452.8 0.642254 5663.1 20387.9 0.722232 5993.57 9064.89 0.338814 799.314 1689.65 0.526937 14471.6 19184.7 0.245673 4499.65 6703.98 0.328809 10324.1 12480.8 0.172802 2890.36 7130.22 0.594632 0.2641 0.2351 0.1437 0.23694 -1 2.92 0.23694 20.625 1.16 FM 5551366 0.14365 -1
555 1 380 1086 1086 134 134 21403.8 48637.5 0.559931 7784.14 27091.8 0.712676 14808.9 21545.7 0.312675 3287.18 8819.88 0.627298 8727.63 29452.8 0.703674 4511.14 20387.9 0.778734 5285.27 9064.89 0.416952 794.263 1689.65 0.529926 13639.7 19184.7 0.289036 4116.92 6703.98 0.385899 9701.39 12480.8 0.222693 2712.66 7130.22 0.619554 0.3563 0.3116 0.1828 0.30784 -1 2.78 0.30784 28.572 1.597 FM 5551380 0.180975 -1
555 1 428 1086 1086 134 134 22518.6 48637.5 0.537011 8078.88 27091.8 0.701797 15557.4 21545.7 0.277934 3521.03 8819.88 0.600785 9068.56 29452.8 0.692098 4512.3 20387.9 0.778677 5472.05 9064.89 0.396347 840.263 1689.65 0.502701 14447.4 19184.7 0.246931 4282.77 6703.98 0.36116 10343.5 12480.8 0.171243 2859.89 7130.22 0.598906 0.3295 0.2854 0.1642 0.28918 -1 3.01 0.28918 25.953 1.253 FM 5551428 0.16605 -1
555 1 457 1086 1086 134 134 23825.7 48637.5 0.510137 8867.24 27091.8 0.672697 16268.3 21545.7 0.244936 3569.17 8819.88 0.595326 9968.48 29452.8 0.661543 4855.4 20387.9 0.761849 5974.49 9064.89 0.34092 799.772 1689.65 0.526665 14879.7 19184.7 0.2244 4528.33 6703.98 0.324531 10800.8 12480.8 0.134607 3039.68 7130.22 0.573691 0.3294 0.2761 0.1642 0.27612 -1 2.24 0.27612 24.581 1.584 FM 5551457 0.164175 -1
561 1 2 1248 1254 151 151 28787.9 57903.4 0.502828 9243.75 31044.3 0.70224 20640.1 26859.1 0.23154 3451.07 9361.25 0.631345 10459.4 33796.6 0.69052 4493.37 23032.1 0.804908 6865.22 10764.6 0.36224 845.24 1685.13 0.498412 18995.7 24106.8 0.21202 5298.33 8012.26 0.338722 14137.4 16094.5 0.121601 2757 7676.12 0.640834 0.3145 0.2699 0.1705 0.26987 -1 2.96 0.26987 24.656 1.634 FM 5611002 0.16885 -1
561 1 47 1248 1254 151 151 28252.9 57903.4 0.512068 8874.9 31044.3 0.714122 20504.9 26859.1 0.236576 3021.93 9361.25 0.677188 10384.8 33796.6 0.692726 4367.45 23032.1 0.810375 6749.95 10764.6 0.372948 650.617 1685.13 0.613906 18891.9 24106.8 0.216325 5130.09 8012.26 0.359721 14081.7 16094.5 0.125063 2406.97 7676.12 0.686434 0.3392 0.2848 0.1788 0.30298 -1 2.28 0.30298 26.554 1.929 FM 5611047 0.1788 -1
561 1 55 1248 1254 151 151 26791.3 57903.4 0.537311 8262.06 31044.3 0.733863 19393.1 26859.1 0.277971 3597.95 9361.25 0.615655 9220.43 33796.6 0.727179 3940.79 23032.1 0.8289 6178.44 10764.6 0.42604 880.299 1685.13 0.477607 18011 24106.8 0.252867 4933.75 8012.26 0.384226 13475.1 16094.5 0.162753 2899.74 7676.12 0.622239 0.4563 0.3874 0.2268 0.3957 -1 2.46 0.3957 36.097 2.661 FM 5611055 0.230125 -1
561 1 75 1248 1253 151 151 27164.8 57903.4 0.53086 7929.47 31044.3 0.744576 20340.9 26859.1 0.242682 3660.02 9361.25 0.609024 9083.59 33796.6 0.731228 3553.16 23032.1 0.84573 6310.95 10764.6 0.41373 838.735 1685.13 0.502272 18961.7 24106.8 0.213431 4863.75 8012.26 0.392961 14364 16094.5 0.107524 3093.69 7676.12 0.596972 0.3545 0.3079 0.2003 0.31291 -1 2.84 0.31291 28.307 1.838 FM 5611075 0.201975 -1
561 1 244 1248 1253 151 151 27454.1 57903.4 0.525863 8483.26 31044.3 0.726737 20545.1 26859.1 0.235077 4155.54 9361.25 0.556091 9549.61 33796.6 0.717439 4117.67 23032.1 0.82122 6476.71 10764.6 0.398331 951.992 1685.13 0.435062 19088.5 24106.8 0.208168 5055.07 8012.26 0.369083 14391.8 16094.5 0.105793 3390.57 7676.12 0.558296 0.3167 0.2732 0.1705 0.28477 -1 2.91 0.28477 24.495 1.361 FM 5611244 0.168875 -1
561 1 291 1248 1253 151 151 28728.2 57903.4 0.503861 8529.05 31044.3 0.725262 21023.5 26859.1 0.217266 3577.7 9361.25 0.617818 9719.92 33796.6 0.7124 3903.81 23032.1 0.830506 6659.66 10764.6 0.381336 824.227 1685.13 0.510881 19496.7 24106.8 0.191234 5052.28 8012.26 0.369431 14525.7 16094.5 0.0974773 2869.47 7676.12 0.626182 0.2763 0.2368 0.144 0.24172 -1 2.21 0.24172 21.75 1.517 FM 5611291 0.14405 -1
561 1 321 1248 1253 151 151 27331.5 57903.4 0.527981 8681.67 31044.3 0.720346 19894.2 26859.1 0.259314 4316.69 9361.25 0.538876 9633.74 33796.6 0.71495 3982.25 23032.1 0.8271 6676.99 10764.6 0.379726 913.272 1685.13 0.458039 18416.6 24106.8 0.236042 5130.45 8012.26 0.359675 13686.6 16094.5 0.14961 3537.69 7676.12 0.53913 0.3623 0.3146 0.197 0.31457 -1 2.48 0.31457 27.913 1.785 FM 5611321 0.1937 -1
561 1 380 1248 1253 151 151 27912.4 57903.4 0.51795 8531.1 31044.3 0.725196 20431.4 26859.1 0.239312 3510.12 9361.25 0.625038 9554.76 33796.6 0.717287 4018.4 23032.1 0.82553 6574.16 10764.6 0.389278 1029.68 1685.13 0.388962 18865.4 24106.8 0.217422 5061.76 8012.26 0.368249 14014 16094.5 0.129267 2810.03 7676.12 0.633925 0.3647 0.3228 0.2152 0.32616 -1 2.69 0.32616 29.671 1.902 FM 5611380 0.2169 -1
565 1 103 2409 2428 304 304 58087.6 120237 0.516892 22189.6 61340.9 0.638257 39830.2 58896.5 0.323725 6165.78 13905 0.556579 25227.4 67532.1 0.626439 12357.2 43083.5 0.713181 15183.2 24448.6 0.378975 1774.6 3248.73 0.453756 36282.6 52705.3 0.311594 11555.8 18257.5 0.367062 25727.7 34447.8 0.253139 4738.19 10656.3 0.555363 0.4441 0.3553 0.2706 0.35855 -1 1.54 0.35855 30.42 7.141 TBM 5651103 0.2755 -1
572 1 321 644 645 86 86 12995 26105.9 0.502219 6062.21 15213.4 0.601521 8464.64 10892.5 0.222897 2279.8 6071.31 0.624497 6734.53 16761.1 0.598205 3839.2 11067.1 0.653098 4246.06 5694.01 0.254294 704.616 1306.92 0.460856 7437.93 9344.83 0.204059 3214.95 4146.28 0.224619 4457.28 5198.54 0.142591 1617.61 4764.39 0.660479 0.2951 0.3198 0.157 0.3343 -1 2.94 0.3343 27.696 0.954 TBM 5721321 0.162775 -1
575 2 14 1015 1031 127 127 20404.7 46100.7 0.557388 6386.97 25797 0.752414 14868.9 20303.7 0.267674 3638 8216.41 0.557228 7290.6 27940.3 0.739065 3038.64 19526.3 0.844382 4835.57 8414.02 0.425296 853.402 1599.33 0.466401 13730.6 18160.4 0.243925 3734.88 6270.72 0.404394 10276.9 11889.7 0.135643 3001.86 6617.08 0.546346 0.2724 0.252 0.1752 0.26181 -1 2.59 0.26181 22.801 1.262 TBM 5752014 0.1752 -1
581 1 75 808 812 105 105 18331.1 37775.2 0.514731 6879.74 21207.9 0.675604 12702.6 16567.3 0.233274 2629.71 6249.67 0.579225 7659.98 23119.9 0.668684 3943.88 15729.2 0.749265 4672.28 7390.65 0.367813 588.322 1256.26 0.531688 11492.7 14655.3 0.215799 3535.3 5478.63 0.354712 8189.68 9176.65 0.107552 2133.3 4993.41 0.572777 0.3345 0.3143 0.2238 0.32143 -1 1.89 0.32143 29.794 1.806 FM 5811075 0.230975 -1
581 1 77 808 812 105 105 18331.1 37775.2 0.514731 6879.74 21207.9 0.675604 12702.6 16567.3 0.233274 2629.71 6249.67 0.579225 7659.98 23119.9 0.668684 3943.88 15729.2 0.749265 4672.28 7390.65 0.367813 588.322 1256.26 0.531688 11492.7 14655.3 0.215799 3535.3 5478.63 0.354712 8189.68 9176.65 0.107552 2133.3 4993.41 0.572777 0.3345 0.3143 0.2238 0.32143 -1 1.89 0.32143 29.794 1.806 FM 5811077 0.230975 -1
581 1 276 808 812 105 105 18331.1 37775.2 0.514731 6879.74 21207.9 0.675604 12702.6 16567.3 0.233274 2629.71 6249.67 0.579225 7659.98 23119.9 0.668684 3943.88 15729.2 0.749265 4672.28 7390.65 0.367813 588.322 1256.26 0.531688 11492.7 14655.3 0.215799 3535.3 5478.63 0.354712 8189.68 9176.65 0.107552 2133.3 4993.41 0.572777 0.3345 0.3143 0.2238 0.32143 -1 1.89 0.32143 29.794 1.806 FM 5811276 0.230975 -1
581 1 286 808 812 105 105 18331.1 37775.2 0.514731 6879.74 21207.9 0.675604 12702.6 16567.3 0.233274 2629.71 6249.67 0.579225 7659.98 23119.9 0.668684 3943.88 15729.2 0.749265 4672.28 7390.65 0.367813 588.322 1256.26 0.531688 11492.7 14655.3 0.215799 3535.3 5478.63 0.354712 8189.68 9176.65 0.107552 2133.3 4993.41 0.572777 0.3345 0.3143 0.2238 0.32143 -1 1.89 0.32143 29.794 1.806 FM 5811286 0.230975 -1
581 1 321 808 812 105 105 17733.2 37775.2 0.530559 6928.25 21207.9 0.673317 11995.9 16567.3 0.275932 2223.5 6249.67 0.644221 7586.43 23119.9 0.671865 4008.22 15729.2 0.745174 4557.81 7390.65 0.383301 583.863 1256.26 0.535238 10959.6 14655.3 0.252174 3509.24 5478.63 0.359469 7779.11 9176.65 0.152293 1727.82 4993.41 0.653979 0.3415 0.35 0.231 0.35238 -1 2.55 0.35238 31.492 1.469 FM 5811321 0.23095 -1
581 1 428 808 812 105 105 18526.1 37775.2 0.50957 7490.47 21207.9 0.646807 12700.5 16567.3 0.233399 2366.6 6249.67 0.621324 8095.3 23119.9 0.649855 4398.86 15729.2 0.720339 5173.07 7390.65 0.300053 644.775 1256.26 0.486751 11361.6 14655.3 0.224747 3851.64 5478.63 0.296971 7804.82 9176.65 0.149491 1922.64 4993.41 0.614966 0.3338 0.3143 0.2333 0.31905 -1 2.32 0.31905 29.872 1.652 FM 5811428 0.2381 -1
598 1 244 1026 1033 127 127 21699 45076.8 0.518622 8378.42 24815.2 0.662368 15308.6 20261.6 0.244455 3227.13 8988.62 0.640976 9181.51 26844.6 0.657976 5023.73 18638 0.730457 5408.04 8206.64 0.341017 906.822 1972.24 0.540207 14105.9 18232.2 0.226318 4184.58 6177.27 0.322584 10380.2 12054.9 0.138925 2810.19 7016.38 0.599482 0.4128 0.3878 0.2618 0.38976 -1 2.53 0.38976 33.064 2.205 TBM 5981244 0.257875 -1
600 1 14 484 484 59 59 9565.43 20136 0.524959 3582.98 11508.8 0.688676 6566.64 8627.16 0.238841 1618.04 4702.75 0.655938 3846.11 12447.4 0.691012 2097.36 8761.23 0.760609 2310.37 3686.21 0.37324 564.916 1035.84 0.454631 6085.65 7688.56 0.208479 1805.59 2747.61 0.342849 4326.81 4940.96 0.124296 1197.48 3666.91 0.673436 0.2606 0.322 0.25 0.32203 -1 1.97 0.32203 29.672 0.967 TBM 6001014 0.254225 -1
604 1 55 623 639 80 80 13519.4 27630.6 0.510708 5248.57 14957.6 0.649103 9399.1 12673.1 0.25834 1996.11 5366.67 0.628054 5770.31 16428.6 0.648764 3539.25 11455.9 0.691054 3254.14 4972.67 0.345595 652.827 1322.24 0.506273 8605.07 11202.1 0.231834 2354.26 3501.7 0.327679 6381.77 7700.39 0.17124 1537.53 4044.43 0.61984 0.3238 0.3688 0.2219 0.36875 -1 2.29 0.36875 35.037 1.297 FM 6041055 0.221875 -1
605 1 26 417 396 49 46 6372.47 15559.9 0.590457 3268.08 10223 0.68032 3496.25 5336.99 0.344904 1949.87 5006.78 0.610553 3441.21 10892.6 0.684078 2003.19 7655.17 0.738322 1756.56 3237.42 0.457418 220.922 409.753 0.46084 3131.17 4667.35 0.329132 1553.8 2567.77 0.394885 1745.56 2099.58 0.168616 1682.55 4597.03 0.633992 0.3006 0.3571 0.301 0.36224 -1 2.18 0.36224 35.736 0.834 TBM 6051026 0.306125 -1
605 1 47 417 417 49 49 6157.15 15559.9 0.604295 3047.99 10223 0.701849 3325.83 5336.99 0.376835 1680.15 5006.78 0.664425 3106.22 10892.6 0.714832 1687.91 7655.17 0.779508 1736.06 3237.42 0.463752 225.302 409.753 0.450151 3125.95 4667.35 0.330253 1519.27 2567.77 0.40833 1616.57 2099.58 0.230052 1502.11 4597.03 0.673244 0.3198 0.3469 0.3061 0.36224 -1 2.77 0.36224 34.069 0.592 TBM 6051047 0.3163 -1
605 1 55 417 417 49 49 6209.87 15559.9 0.600907 2995.96 10223 0.706938 3436.4 5336.99 0.356117 1817.96 5006.78 0.6369 3001.57 10892.6 0.724439 1659.3 7655.17 0.783245 1689.54 3237.42 0.478121 199.208 409.753 0.513834 3219.1 4667.35 0.310293 1477.04 2567.77 0.424777 1825.56 2099.58 0.130511 1554.44 4597.03 0.661861 0.3216 0.3622 0.3163 0.36224 -1 1.51 0.36224 33.605 1.055 TBM 6051055 0.3163 -1
605 1 75 417 417 49 49 5985.53 15559.9 0.615324 2636.83 10223 0.742068 3525.05 5336.99 0.339507 1937 5006.78 0.613124 2685.88 10892.6 0.753421 1492.59 7655.17 0.805022 1640.1 3237.42 0.493393 136.37 409.753 0.667189 3283.81 4667.35 0.296429 1438.74 2567.77 0.439695 1831.1 2099.58 0.127871 1757.76 4597.03 0.61763 0.3194 0.3622 0.3112 0.36224 -1 1.8 0.36224 35.327 0.945 TBM 6051075 0.3112 -1
605 1 117 417 417 49 49 5708.92 15559.9 0.633102 2382.87 10223 0.76691 3394.77 5336.99 0.363917 1622.26 5006.78 0.675987 2486.75 10892.6 0.771702 1485.03 7655.17 0.80601 1456.2 3237.42 0.550197 179.329 409.753 0.562349 3116.18 4667.35 0.332344 1202.9 2567.77 0.531539 1751.92 2099.58 0.165584 1421.6 4597.03 0.690756 0.3338 0.3878 0.3367 0.39796 -1 2.08 0.39796 38.65 0.917 TBM 6051117 0.336725 -1
605 1 291 417 417 49 49 5416.83 15559.9 0.651873 2452.32 10223 0.760116 3241.71 5336.99 0.392596 2061.89 5006.78 0.58818 2525.58 10892.6 0.768138 1397.26 7655.17 0.817475 1401.16 3237.42 0.567197 171.981 409.753 0.58028 3027.81 4667.35 0.351277 1292.54 2567.77 0.49663 1764.28 2099.58 0.1597 1818.09 4597.03 0.604507 0.3438 0.3878 0.3367 0.39286 -1 1.21 0.39286 38.241 1.455 TBM 6051291 0.336725 -1
605 1 345 417 417 49 49 7774.75 15559.9 0.500336 3801.54 10223 0.628137 3974.91 5336.99 0.255215 1852.64 5006.78 0.629974 4017.27 10892.6 0.631192 2186.63 7655.17 0.714359 2130.71 3237.42 0.34185 163.188 409.753 0.60174 3549.16 4667.35 0.239577 1670.4 2567.77 0.349473 1842.32 2099.58 0.12253 1650.37 4597.03 0.640991 0.2685 0.3265 0.2653 0.32653 -1 1.81 0.32653 29.237 0.784 TBM 6051345 0.2653 -1
606 1 55 933 943 120 120 21721.9 43740.5 0.503392 7913.56 23696.7 0.666048 15021.2 20043.9 0.250587 2513.93 6562.71 0.616938 9024.95 25856.9 0.650965 4452.08 17407 0.744236 5531.67 8449.89 0.345356 774.477 1462.08 0.47029 13664.7 17883.7 0.235914 4123.43 6289.67 0.344412 9671.58 11594 0.165811 1838.19 5100.63 0.639615 0.3465 0.3354 0.1958 0.3375 -1 2.86 0.3375 29.83 1.384 TBM 6061055 0.19795 -1
616 1 1 804 808 97 97 13578.8 32740.8 0.585263 5526.54 19009.3 0.709273 9436.57 13731.5 0.312779 3003.28 8109.65 0.629666 5938.27 20513.2 0.710515 3137.8 14192 0.778903 3723.83 6321.21 0.410899 734.774 1417.57 0.481665 8864.86 12227.7 0.275016 3013.7 4817.36 0.374409 6114.96 7410.29 0.174802 2376.4 6692.08 0.644893 0.3002 0.2912 0.2397 0.30412 -1 1.96 0.30412 28.943 1.552 FM_TBM 6161001 0.24225 -1
616 1 2 804 808 97 97 14070.6 32740.8 0.570244 5634.44 19009.3 0.703596 9881.18 13731.5 0.280401 2821.08 8109.65 0.652132 6201.74 20513.2 0.69767 3093.8 14192 0.782004 4005.19 6321.21 0.366389 567.177 1417.57 0.599894 8862.08 12227.7 0.275243 3074.91 4817.36 0.361703 6226.55 7410.29 0.159743 2467.04 6692.08 0.631349 0.3303 0.3505 0.232 0.35567 -1 2.9 0.35567 32.521 1.165 FM_TBM 6161002 0.23195 -1
616 1 26 804 755 97 91 16120.4 32740.8 0.507636 6659.22 19009.3 0.649687 10491.8 13731.5 0.235934 3598.72 8109.65 0.556242 7503.71 20513.2 0.634201 3999.53 14192 0.718184 4232.74 6321.21 0.330392 773.943 1417.57 0.454034 9526.81 12227.7 0.22088 3259.84 4817.36 0.323314 6610.65 7410.29 0.10791 3133.35 6692.08 0.531782 0.2917 0.2784 0.2191 0.28608 -1 1.94 0.28608 27.592 1.521 FM_TBM 6161026 0.2268 -1
616 1 47 804 808 97 97 14671.4 32740.8 0.551894 5407.65 19009.3 0.715527 9879.4 13731.5 0.28053 3153.83 8109.65 0.611101 6143.31 20513.2 0.700519 3227.06 14192 0.772614 3883.21 6321.21 0.385685 719.367 1417.57 0.492533 9000.09 12227.7 0.263956 3025.87 4817.36 0.371883 6097.21 7410.29 0.177196 2498.37 6692.08 0.626668 0.3431 0.3402 0.2629 0.35052 -1 2.4 0.35052 33.815 1.56 FM_TBM 6161047 0.265475 -1
616 1 55 804 808 97 97 15231.3 32740.8 0.534793 6357.88 19009.3 0.665539 10170.7 13731.5 0.259317 2819.54 8109.65 0.652322 6604.78 20513.2 0.678023 3547 14192 0.75007 3966.69 6321.21 0.37248 782.067 1417.57 0.448303 9298.66 12227.7 0.239538 3217 4817.36 0.332206 6356.84 7410.29 0.14216 2253.94 6692.08 0.663193 0.2708 0.2706 0.2191 0.2732 -1 1.91 0.2732 24.925 1.443 FM_TBM 6161055 0.226825 -1
616 1 63 804 807 97 97 14831.1 32740.8 0.547016 5596.64 19009.3 0.705585 10089.5 13731.5 0.265226 3423.14 8109.65 0.577893 6187.71 20513.2 0.698354 2872.33 14192 0.797609 3853.37 6321.21 0.390406 654.73 1417.57 0.53813 9234.72 12227.7 0.244768 3121.65 4817.36 0.352001 6422.85 7410.29 0.133253 2895.01 6692.08 0.567398 0.3327 0.3299 0.2191 0.33247 -1 2.18 0.33247 31.78 1.533 FM_TBM 6161063 0.226775 -1
616 1 75 804 807 97 97 13416.7 32740.8 0.590216 5253.47 19009.3 0.723637 9241.2 13731.5 0.327007 3199.69 8109.65 0.605447 5747.03 20513.2 0.719837 2702.63 14192 0.809567 3720.48 6321.21 0.41143 754.252 1417.57 0.467924 8481.1 12227.7 0.3064 2924.66 4817.36 0.392892 5862.88 7410.29 0.20882 2474.13 6692.08 0.630289 0.3382 0.3273 0.25 0.33505 -1 2.15 0.33505 31.666 1.513 FM_TBM 6161075 0.25255 -1
616 1 77 804 808 97 97 15904.8 32740.8 0.514223 6158.26 19009.3 0.67604 10742.8 13731.5 0.217654 3041.47 8109.65 0.624956 6501.05 20513.2 0.683079 3416.14 14192 0.759291 4139.46 6321.21 0.345147 739.697 1417.57 0.478192 9950.87 12227.7 0.186199 3300.13 4817.36 0.31495 6790.31 7410.29 0.0836648 2534.94 6692.08 0.621203 0.2889 0.2784 0.2062 0.28866 -1 1.88 0.28866 26.868 1.515 FM_TBM 6161077 0.208775 -1
616 1 80 804 808 97 97 13931.3 32740.8 0.574498 5617.32 19009.3 0.704497 9731.06 13731.5 0.291333 2920.84 8109.65 0.639832 6067.38 20513.2 0.704221 3099.78 14192 0.781582 3888.74 6321.21 0.384811 643.339 1417.57 0.546167 8795.29 12227.7 0.280705 2975.21 4817.36 0.382399 6278.01 7410.29 0.152799 2510.13 6692.08 0.62491 0.3567 0.3866 0.2629 0.39175 -1 2.79 0.39175 34.876 1.279 FM_TBM 6161080 0.26545 -1
616 1 102 804 807 97 97 14472.8 32740.8 0.557959 5763.48 19009.3 0.696808 9871.54 13731.5 0.281103 3219.63 8109.65 0.602988 6329.96 20513.2 0.69142 3231.96 14192 0.772269 3992.88 6321.21 0.368336 658.604 1417.57 0.535398 9008.83 12227.7 0.263241 3083.61 4817.36 0.359897 6176.52 7410.29 0.166495 2772.25 6692.08 0.585741 0.2916 0.2809 0.2242 0.31701 -1 1.97 0.31701 28.72 1.497 FM_TBM 6161102 0.2268 -1
616 1 103 804 807 97 97 13896.1 32740.8 0.575573 5806.56 19009.3 0.694542 9346.1 13731.5 0.319368 3353.87 8109.65 0.586435 6382.55 20513.2 0.688856 3410.84 14192 0.759664 3797.96 6321.21 0.399172 802.332 1417.57 0.434007 8545.43 12227.7 0.301139 3018.22 4817.36 0.373469 5963.29 7410.29 0.195269 2757.64 6692.08 0.587925 0.3418 0.3299 0.2448 0.33247 -1 1.83 0.33247 30.253 1.81 FM_TBM 6161103 0.25 -1
616 1 119 804 808 97 97 13931.3 32740.8 0.574498 5617.32 19009.3 0.704497 9731.06 13731.5 0.291333 2920.84 8109.65 0.639832 6067.38 20513.2 0.704221 3099.78 14192 0.781582 3888.74 6321.21 0.384811 643.339 1417.57 0.546167 8795.29 12227.7 0.280705 2975.21 4817.36 0.382399 6278.01 7410.29 0.152799 2510.13 6692.08 0.62491 0.3567 0.3866 0.2629 0.39175 -1 2.79 0.39175 34.876 1.279 FM_TBM 6161119 0.26545 -1
616 1 165 804 808 97 97 15519.3 32740.8 0.525997 6064.49 19009.3 0.680973 10378.5 13731.5 0.244185 3385.86 8109.65 0.58249 6731.48 20513.2 0.671846 3441.64 14192 0.757494 4172.86 6321.21 0.339865 815.145 1417.57 0.424968 9544.06 12227.7 0.219469 3234.44 4817.36 0.328586 6568.92 7410.29 0.113541 2639.17 6692.08 0.605627 0.2736 0.268 0.201 0.27835 -1 1.74 0.27835 25.58 1.468 FM_TBM 6161165 0.20105 -1
616 1 166 804 807 97 97 15730.4 32740.8 0.519549 6274.88 19009.3 0.669906 10307.8 13731.5 0.249333 2735.57 8109.65 0.662677 6827.37 20513.2 0.667172 3468.99 14192 0.755567 4042.51 6321.21 0.360485 619.032 1417.57 0.563313 9367.5 12227.7 0.233908 3188.71 4817.36 0.338079 6354.42 7410.29 0.142488 2453.64 6692.08 0.633352 0.3183 0.3299 0.2062 0.32216 -1 3.02 0.32216 29.329 0.994 FM_TBM 6161166 0.19845 -1
616 1 173 804 808 97 97 12918.9 32740.8 0.605418 4948.35 19009.3 0.739689 9016.93 13731.5 0.34334 3006.26 8109.65 0.629298 5294.12 20513.2 0.741917 2640.59 14192 0.813938 3539.62 6321.21 0.440041 677.763 1417.57 0.521883 8341.21 12227.7 0.317841 2849.07 4817.36 0.408584 5794.32 7410.29 0.218072 2439.55 6692.08 0.635457 0.3253 0.3479 0.2526 0.36082 -1 2.09 0.36082 33.938 1.595 FM_TBM 6161173 0.257725 -1
616 1 174 804 807 97 97 14098.2 32740.8 0.569401 5621.36 19009.3 0.704284 10070.2 13731.5 0.266634 2830.13 8109.65 0.651017 5957.08 20513.2 0.709598 3261.71 14192 0.770172 3968.91 6321.21 0.372129 645.84 1417.57 0.544402 9299.43 12227.7 0.239476 3124.83 4817.36 0.35134 6477.23 7410.29 0.125914 2408.26 6692.08 0.640133 0.3326 0.3273 0.2526 0.3299 -1 1.76 0.3299 31.384 1.827 FM_TBM 6161174 0.25 -1
616 1 214 804 799 97 96 15475.9 32740.8 0.52732 6113.71 19009.3 0.678384 10302.2 13731.5 0.249742 2698.77 8109.65 0.667215 6903.24 20513.2 0.663473 3650.93 14192 0.742747 4186.88 6321.21 0.337647 647.891 1417.57 0.542955 9252.51 12227.7 0.243312 3166.86 4817.36 0.342615 6379.72 7410.29 0.139073 2163.44 6692.08 0.676717 0.247 0.2552 0.1907 0.25773 -1 2.07 0.25773 23.947 1.197 FM_TBM 6161214 0.1907 -1
616 1 215 804 808 97 97 13507.2 32740.8 0.587452 5524.82 19009.3 0.709363 9756.31 13731.5 0.289494 2450.97 8109.65 0.697771 5897.82 20513.2 0.712487 3063.46 14192 0.784142 3751.89 6321.21 0.40646 663.451 1417.57 0.531978 8839.3 12227.7 0.277106 2975.25 4817.36 0.382391 6336.26 7410.29 0.144938 2100.3 6692.08 0.686152 0.3349 0.3531 0.2474 0.3634 -1 2.87 0.3634 32.684 1.21 FM_TBM 6161215 0.252575 -1
616 1 218 804 774 97 93 16004.1 32740.8 0.511187 7162.77 19009.3 0.623197 10178 13731.5 0.258781 3166.3 8109.65 0.609564 7713.98 20513.2 0.62395 4290.39 14192 0.697689 4111.01 6321.21 0.349649 790.98 1417.57 0.442015 9292.96 12227.7 0.240004 3307.54 4817.36 0.313412 6328.46 7410.29 0.145991 2329.84 6692.08 0.651851 0.2128 0.2165 0.1546 0.2268 -1 2.73 0.2268 20.259 0.812 FM_TBM 6161218 0.1572 -1
616 1 236 804 808 97 97 15888.4 32740.8 0.514723 6481.58 19009.3 0.659032 10530.9 13731.5 0.233084 3248.08 8109.65 0.59948 7181.11 20513.2 0.649927 4120.17 14192 0.709683 4237.03 6321.21 0.329713 825.419 1417.57 0.417721 9613.96 12227.7 0.213753 3212.98 4817.36 0.333041 6711.84 7410.29 0.0942538 2766.87 6692.08 0.586545 0.209 0.2216 0.1598 0.22423 -1 2.23 0.22423 20.436 0.946 FM_TBM 6161236 0.159775 -1
616 1 244 804 807 97 97 16351.3 32740.8 0.500585 7018.41 19009.3 0.630792 10761.8 13731.5 0.216266 3593.55 8109.65 0.55688 7473.88 20513.2 0.635655 3855.38 14192 0.728341 4545.91 6321.21 0.280849 876.809 1417.57 0.381468 9710.27 12227.7 0.205876 3600.15 4817.36 0.252672 6540.46 7410.29 0.117382 2947.13 6692.08 0.559609 0.2124 0.2062 0.1701 0.21134 -1 1.66 0.21134 19.113 1.196 FM_TBM 6161244 0.167525 -1
616 1 273 804 808 97 97 12773.8 32740.8 0.609853 4941.84 19009.3 0.740031 8889.28 13731.5 0.352636 3002.64 8109.65 0.629745 5228.76 20513.2 0.745103 2618.95 14192 0.815463 3502.47 6321.21 0.445919 674.685 1417.57 0.524054 8249.34 12227.7 0.325353 2831.63 4817.36 0.412203 5769.3 7410.29 0.221448 2473.54 6692.08 0.630377 0.3289 0.3479 0.2526 0.35567 -1 2.16 0.35567 33.667 1.548 FM_TBM 6161273 0.255125 -1
616 1 275 804 808 97 97 14416 32740.8 0.559695 5548.64 19009.3 0.70811 10252.2 13731.5 0.253378 3379.96 8109.65 0.583218 5999.19 20513.2 0.707545 3135.34 14192 0.779077 4000.96 6321.21 0.367058 727.759 1417.57 0.486614 9428.05 12227.7 0.228957 3126.18 4817.36 0.35106 6640.27 7410.29 0.103913 2837.68 6692.08 0.575964 0.2804 0.2732 0.2088 0.27577 -1 2.01 0.27577 25.483 1.328 FM_TBM 6161275 0.2062 -1
616 1 286 804 807 97 97 13416.7 32740.8 0.590216 5253.47 19009.3 0.723637 9241.2 13731.5 0.327007 3199.69 8109.65 0.605447 5747.03 20513.2 0.719837 2702.63 14192 0.809567 3720.48 6321.21 0.41143 754.252 1417.57 0.467924 8481.1 12227.7 0.3064 2924.66 4817.36 0.392892 5862.88 7410.29 0.20882 2474.13 6692.08 0.630289 0.3382 0.3273 0.25 0.33505 -1 2.15 0.33505 31.666 1.513 FM_TBM 6161286 0.25255 -1
616 1 291 804 807 97 97 14292.2 32740.8 0.563476 5377.75 19009.3 0.7171 9692.19 13731.5 0.294164 3122.49 8109.65 0.614965 5980.97 20513.2 0.708433 3028.98 14192 0.786571 3747.53 6321.21 0.40715 653.107 1417.57 0.539276 8922.67 12227.7 0.270287 2949.94 4817.36 0.387644 6138.63 7410.29 0.171608 2685.08 6692.08 0.598768 0.3377 0.3247 0.2216 0.3299 -1 2.44 0.33247 32.35 1.459 FM_TBM 6161291 0.226775 -1
616 1 314 804 808 97 97 14535.6 32740.8 0.556041 5439.54 19009.3 0.713849 10359 13731.5 0.2456 2549.49 8109.65 0.685623 5848.65 20513.2 0.714884 2834.21 14192 0.800295 4139.02 6321.21 0.345217 885.833 1417.57 0.375103 9470.96 12227.7 0.225447 3178.81 4817.36 0.340135 6581.73 7410.29 0.111812 1935.89 6692.08 0.710719 0.2468 0.2603 0.2242 0.26289 -1 2.25 0.26289 23.585 1.063 FM_TBM 6161314 0.2268 -1
616 1 319 804 808 97 97 14416 32740.8 0.559695 5548.64 19009.3 0.70811 10252.2 13731.5 0.253378 3379.96 8109.65 0.583218 5999.19 20513.2 0.707545 3135.34 14192 0.779077 4000.96 6321.21 0.367058 727.759 1417.57 0.486614 9428.05 12227.7 0.228957 3126.18 4817.36 0.35106 6640.27 7410.29 0.103913 2837.68 6692.08 0.575964 0.2804 0.2732 0.2088 0.27577 -1 2.01 0.27577 25.483 1.328 FM_TBM 6161319 0.2062 -1
616 1 321 804 807 97 97 12532.6 32740.8 0.617218 4989.18 19009.3 0.737541 8812.9 13731.5 0.358198 3066.5 8109.65 0.62187 5251.14 20513.2 0.744012 2592.03 14192 0.817359 3397.26 6321.21 0.462562 733.484 1417.57 0.482575 8271.9 12227.7 0.323508 2771.46 4817.36 0.424694 5809.71 7410.29 0.215995 2536.13 6692.08 0.621025 0.3451 0.3376 0.2603 0.34794 -1 1.98 0.34794 33.089 1.729 FM_TBM 6161321 0.2603 -1
616 1 346 804 808 97 97 16176.9 32740.8 0.505911 6407.86 19009.3 0.66291 10677.5 13731.5 0.22241 2836.65 8109.65 0.650214 7058.91 20513.2 0.655884 3917.66 14192 0.723953 4169.64 6321.21 0.340373 630.943 1417.57 0.554911 9733.14 12227.7 0.204006 3220.41 4817.36 0.331499 6561.81 7410.29 0.114501 2294.89 6692.08 0.657073 0.1905 0.2216 0.1546 0.22423 -1 2 0.22423 19.778 0.952 FM_TBM 6161346 0.154625 -1
616 1 366 804 807 97 97 15818.8 32740.8 0.516849 6459.97 19009.3 0.660169 10548.6 13731.5 0.231798 3286.41 8109.65 0.594753 6907.88 20513.2 0.663247 3689.5 14192 0.740029 4117.97 6321.21 0.348547 667.811 1417.57 0.528903 9712.01 12227.7 0.205734 3264.46 4817.36 0.322354 6508.38 7410.29 0.12171 2828.32 6692.08 0.577363 0.3002 0.2835 0.2165 0.28093 -1 1.88 0.28093 25.743 1.416 FM_TBM 6161366 0.21135 -1
616 1 380 804 808 97 97 13460.6 32740.8 0.588873 5191.68 19009.3 0.726888 9672.26 13731.5 0.295615 3341 8109.65 0.588021 5728.72 20513.2 0.72073 2886.97 14192 0.796577 3827.18 6321.21 0.394549 806.672 1417.57 0.430946 8782.96 12227.7 0.281713 2968.84 4817.36 0.383721 6162.68 7410.29 0.168363 2681.37 6692.08 0.599322 0.3346 0.3247 0.2526 0.33505 -1 1.74 0.33505 31.19 1.741 FM_TBM 6161380 0.25515 -1
616 1 409 804 808 97 97 15598.4 32740.8 0.523579 5891.35 19009.3 0.690081 10790.5 13731.5 0.214182 3088.23 8109.65 0.619191 6414.45 20513.2 0.687301 3137.67 14192 0.778912 4200.2 6321.21 0.335539 697.745 1417.57 0.507787 9801.19 12227.7 0.198441 3208.89 4817.36 0.33389 6824.69 7410.29 0.079025 2510.23 6692.08 0.624896 0.2894 0.2809 0.2113 0.28866 -1 1.83 0.28866 25.821 1.453 FM_TBM 6161409 0.213925 -1
616 1 428 804 808 97 97 14876.9 32740.8 0.545617 5547.03 19009.3 0.708195 10063 13731.5 0.267157 4134.55 8109.65 0.490169 6073.45 20513.2 0.703925 2935.35 14192 0.793169 3970.02 6321.21 0.371953 783.255 1417.57 0.447464 9213.63 12227.7 0.246492 3127.42 4817.36 0.350803 6395.61 7410.29 0.136928 3412.86 6692.08 0.490015 0.3058 0.3015 0.2165 0.30928 -1 2.14 0.30928 28.889 1.382 FM_TBM 6161428 0.2165 -1
616 1 449 804 808 97 97 16176.9 32740.8 0.505911 6407.86 19009.3 0.66291 10677.5 13731.5 0.22241 2836.65 8109.65 0.650214 7058.91 20513.2 0.655884 3917.66 14192 0.723953 4169.64 6321.21 0.340373 630.943 1417.57 0.554911 9733.14 12227.7 0.204006 3220.41 4817.36 0.331499 6561.81 7410.29 0.114501 2294.89 6692.08 0.657073 0.1905 0.2216 0.1546 0.22423 -1 2 0.22423 19.778 0.952 FM_TBM 6161449 0.154625 -1
616 1 452 804 807 97 97 15417.3 32740.8 0.529112 6198.8 19009.3 0.673908 10455.1 13731.5 0.238604 3237.43 8109.65 0.600793 6868.89 20513.2 0.665148 3431.19 14192 0.758231 4262.26 6321.21 0.325722 859.322 1417.57 0.393804 9478.92 12227.7 0.224796 3378.19 4817.36 0.298746 6511.94 7410.29 0.121231 2570.62 6692.08 0.615871 0.2758 0.2629 0.1907 0.26804 -1 2.42 0.26804 25.204 1.229 FM_TBM 6161452 0.1933 -1
616 1 453 804 808 97 97 16176.9 32740.8 0.505911 6407.86 19009.3 0.66291 10677.5 13731.5 0.22241 2836.65 8109.65 0.650214 7058.91 20513.2 0.655884 3917.66 14192 0.723953 4169.64 6321.21 0.340373 630.943 1417.57 0.554911 9733.14 12227.7 0.204006 3220.41 4817.36 0.331499 6561.81 7410.29 0.114501 2294.89 6692.08 0.657073 0.1905 0.2216 0.1546 0.22423 -1 2 0.22423 19.778 0.952 FM_TBM 6161453 0.154625 -1
617 1 14 1085 1086 136 136 22850.4 48296.6 0.526874 8552.83 27973.8 0.694256 14901.5 20322.7 0.266756 3583.77 9513 0.623277 9278.39 30149.5 0.692254 4999.67 21346.9 0.765789 5440.32 8802.66 0.381969 816.53 1539.67 0.469671 13703 18147 0.244892 4200.06 6626.95 0.366216 9803.01 11520.1 0.14905 2869.52 7973.34 0.640111 0.2304 0.2298 0.1783 0.23162 -1 2.12 0.23162 20.853 1.398 TBM 6171014 0.1783 -1
618 1 2 1266 1277 158 158 28488.3 59949.5 0.524795 8580.97 32089.7 0.732594 21193.5 27859.8 0.239278 3392.5 8954.39 0.621136 9855.19 34984.9 0.718301 4368.93 23858.3 0.81688 6652.41 11126.6 0.402118 806.392 1732.51 0.534553 19471.2 24964.6 0.220048 4996.78 8231.49 0.392968 14812.5 16733.1 0.114778 2894.25 7221.88 0.599239 0.2872 0.2342 0.1487 0.24051 -1 2.36 0.24051 21.924 1.542 FM 6181002 0.145575 -1
618 1 47 1266 1277 158 158 28618 59949.5 0.522631 8843.97 32089.7 0.724399 20894.2 27859.8 0.250022 3560 8954.39 0.602429 10331.7 34984.9 0.704681 4453.38 23858.3 0.81334 6792.76 11126.6 0.389505 835.499 1732.51 0.517753 19203.6 24964.6 0.230767 5253.31 8231.49 0.361804 14464.2 16733.1 0.135597 2880.38 7221.88 0.60116 0.2835 0.2326 0.1519 0.23259 -1 2.45 0.23259 21.784 1.608 FM 6181047 0.153475 -1
618 1 55 1266 1277 158 158 29398.8 59949.5 0.509608 9703.09 32089.7 0.697626 21284.5 27859.8 0.236012 3481.2 8954.39 0.61123 11057.7 34984.9 0.683929 5089.37 23858.3 0.786683 7176.04 11126.6 0.355058 935.858 1732.51 0.459826 19444.7 24964.6 0.221109 5452.93 8231.49 0.337553 14506.9 16733.1 0.133045 2867.3 7221.88 0.60297 0.2929 0.2326 0.1677 0.24051 -1 2.31 0.24051 22.121 1.909 FM 6181055 0.169275 -1
618 1 63 1266 1277 158 158 28311.3 59949.5 0.527747 8480.17 32089.7 0.735736 21013.5 27859.8 0.24574 3596.2 8954.39 0.598387 9716.38 34984.9 0.722269 4334.71 23858.3 0.818314 6560.35 11126.6 0.410392 793.688 1732.51 0.541886 19342.1 24964.6 0.225218 4882.57 8231.49 0.406842 14736.8 16733.1 0.119302 3118.05 7221.88 0.568249 0.26 0.2168 0.144 0.21994 -1 2.46 0.21994 21.07 1.485 FM 6181063 0.145575 -1
618 1 77 1266 1277 158 158 29950 59949.5 0.500413 9947.79 32089.7 0.690001 21849 27859.8 0.215749 4322.54 8954.39 0.517272 11295 34984.9 0.677147 5444.52 23858.3 0.771797 7122.75 11126.6 0.359847 1057.17 1732.51 0.389804 19882.2 24964.6 0.203585 5260.77 8231.49 0.360896 14927.8 16733.1 0.107887 3496.26 7221.88 0.515879 0.3505 0.2769 0.1693 0.28006 -1 2.86 0.28006 23.82 1.555 FM 6181077 0.1677 -1
618 1 102 1266 1277 158 158 29762.7 59949.5 0.503537 9841.59 32089.7 0.69331 21277.1 27859.8 0.236278 3694.5 8954.39 0.587409 11025.2 34984.9 0.684858 5281.76 23858.3 0.778619 6921.51 11126.6 0.377934 841.905 1732.51 0.514055 19644.2 24964.6 0.213119 5242.12 8231.49 0.363162 14716.9 16733.1 0.12049 3126.38 7221.88 0.567095 0.3853 0.318 0.2073 0.3212 -1 2.47 0.3212 29.567 2.37 FM 6181102 0.212025 -1
618 1 119 1266 1277 158 158 29507.2 59949.5 0.507798 8959.07 32089.7 0.720812 21880.9 27859.8 0.214605 4061.15 8954.39 0.546463 10209.4 34984.9 0.708177 4525.14 23858.3 0.810332 6813 11126.6 0.387685 929.7 1732.51 0.46338 19964.8 24964.6 0.200276 5090.59 8231.49 0.381571 15099.7 16733.1 0.0976146 3325 7221.88 0.539593 0.2397 0.2025 0.1297 0.20253 -1 2.28 0.20253 17.96 1.305 FM 6181119 0.131325 -1
618 1 166 1266 1277 158 158 29289.9 59949.5 0.511424 8905.37 32089.7 0.722485 21524.2 27859.8 0.227408 3523.96 8954.39 0.606454 10362.9 34984.9 0.70379 4481.47 23858.3 0.812163 6904.56 11126.6 0.379457 927.108 1732.51 0.464876 19850.5 24964.6 0.204854 5168.44 8231.49 0.372114 15016 16733.1 0.10262 2877.47 7221.88 0.601562 0.3217 0.2627 0.1598 0.26899 -1 2.79 0.26899 23.921 1.659 FM 6181166 0.161375 -1
618 1 244 1266 1277 158 158 29661.7 59949.5 0.505222 9225.92 32089.7 0.712496 21720.5 27859.8 0.220362 3802.39 8954.39 0.57536 10463.5 34984.9 0.700913 4607.9 23858.3 0.806864 6796.45 11126.6 0.389173 973.421 1732.51 0.438145 20009.3 24964.6 0.198494 5161.09 8231.49 0.373007 15148.4 16733.1 0.0947038 3161.21 7221.88 0.562273 0.2445 0.1994 0.1424 0.21519 -1 2.4 0.21519 18.761 1.319 FM 6181244 0.143975 -1
618 1 276 1266 1277 158 158 29429.5 59949.5 0.509095 9247.19 32089.7 0.711833 21595.1 27859.8 0.224864 3918.99 8954.39 0.562339 10426.6 34984.9 0.701967 4752.12 23858.3 0.800819 6821.31 11126.6 0.386939 999.733 1732.51 0.422957 19845.9 24964.6 0.205037 5224.95 8231.49 0.365248 14873.1 16733.1 0.111161 3147.49 7221.88 0.564173 0.3391 0.2658 0.1646 0.26899 -1 2.45 0.26899 23.55 1.684 FM 6181276 0.16615 -1
618 1 286 1266 1277 158 158 29429.5 59949.5 0.509095 9247.19 32089.7 0.711833 21595.1 27859.8 0.224864 3918.99 8954.39 0.562339 10426.6 34984.9 0.701967 4752.12 23858.3 0.800819 6821.31 11126.6 0.386939 999.733 1732.51 0.422957 19845.9 24964.6 0.205037 5224.95 8231.49 0.365248 14873.1 16733.1 0.111161 3147.49 7221.88 0.564173 0.3391 0.2658 0.1646 0.26899 -1 2.45 0.26899 23.55 1.684 FM 6181286 0.16615 -1
618 1 321 1266 1277 158 158 27689.8 59949.5 0.538114 8205.38 32089.7 0.744299 20668.8 27859.8 0.258114 3682.26 8954.39 0.588776 9289.9 34984.9 0.73446 3834.88 23858.3 0.839264 6416.67 11126.6 0.423306 842.699 1732.51 0.513597 19160.3 24964.6 0.232501 4879.42 8231.49 0.407225 14679.9 16733.1 0.122705 2983.16 7221.88 0.586927 0.2533 0.2184 0.1519 0.22468 -1 2.42 0.22468 21.387 1.63 FM 6181321 0.155075 -1
618 1 366 1266 1277 158 158 28738.7 59949.5 0.520617 8634.06 32089.7 0.73094 21665.3 27859.8 0.222343 3159.61 8954.39 0.647144 9782.19 34984.9 0.720388 4242.24 23858.3 0.82219 6702.37 11126.6 0.397629 956.108 1732.51 0.448137 19993.6 24964.6 0.199124 5091.64 8231.49 0.381444 15181.3 16733.1 0.0927369 2601.02 7221.88 0.639841 0.2718 0.2342 0.1598 0.24209 -1 2.3 0.24209 20.936 1.666 FM 6181366 0.1535 -1
618 1 428 1266 1277 158 158 27732.3 59949.5 0.537406 8320.22 32089.7 0.74072 20635.1 27859.8 0.259321 3350.66 8954.39 0.625809 9704.38 34984.9 0.722612 4196.22 23858.3 0.824119 6838.84 11126.6 0.385363 943.683 1732.51 0.455309 18793 24964.6 0.247216 5025.21 8231.49 0.389514 14049 16733.1 0.160408 2785.09 7221.88 0.614353 0.3906 0.3339 0.1962 0.34652 -1 2.62 0.34652 32.816 1.909 FM 6181428 0.197775 -1
618 1 452 1266 1277 158 158 29657.8 59949.5 0.505287 8893.69 32089.7 0.722849 22479.9 27859.8 0.193106 4575.38 8954.39 0.489035 10039 34984.9 0.713049 4601.31 23858.3 0.80714 6859.51 11126.6 0.383506 1127.83 1732.51 0.349021 20654.1 24964.6 0.172664 5252 8231.49 0.361962 15654 16733.1 0.0644899 3416.57 7221.88 0.526914 0.2639 0.2041 0.1361 0.21835 -1 2.51 0.21835 19.582 1.265 FM 6181452 0.136075 -1
618 1 457 1266 1277 158 158 27696.7 59949.5 0.537999 8827.55 32089.7 0.72491 20578 27859.8 0.261373 3579.56 8954.39 0.600245 10135.9 34984.9 0.710278 4704.06 23858.3 0.802833 6668.01 11126.6 0.400717 953.236 1732.51 0.449795 19098.5 24964.6 0.234977 4995.84 8231.49 0.393082 14560.1 16733.1 0.129862 2976.6 7221.88 0.587836 0.3232 0.2816 0.1725 0.29272 -1 2.49 0.29272 26.585 1.734 FM 6181457 0.170875 -1
628 2 2 1082 1082 146 146 24618.2 51909.4 0.525747 9599.68 29595.8 0.675641 16112.3 22313.6 0.277915 3212.02 7911.47 0.594005 10817.7 32198.3 0.664029 5978.11 22890.2 0.738836 5867.89 9308.07 0.369592 777.215 1884.18 0.587505 14639.1 19711.1 0.257319 4436.17 6705.6 0.338438 10535.6 13005.5 0.189914 2609.57 6027.29 0.567042 0.455 0.3853 0.2243 0.39041 -1 2.52 0.39041 34.238 2.292 TBM 6282002 0.22775 -1
628 2 63 1082 1082 146 146 24552.1 51909.4 0.527021 9586.37 29595.8 0.676091 16340.4 22313.6 0.267693 3327.55 7911.47 0.579402 10850.5 32198.3 0.663011 5933.87 22890.2 0.740768 6057.16 9308.07 0.349257 818.351 1884.18 0.565673 14789.3 19711.1 0.2497 4583.28 6705.6 0.3165 10655.6 13005.5 0.180688 2665.91 6027.29 0.557694 0.4163 0.3579 0.2055 0.35959 -1 2.5 0.35959 32.089 2.08 TBM 6282063 0.205475 -1
628 2 80 1082 1082 146 146 24618.2 51909.4 0.525747 9599.68 29595.8 0.675641 16112.3 22313.6 0.277915 3212.02 7911.47 0.594005 10817.7 32198.3 0.664029 5978.11 22890.2 0.738836 5867.89 9308.07 0.369592 777.215 1884.18 0.587505 14639.1 19711.1 0.257319 4436.17 6705.6 0.338438 10535.6 13005.5 0.189914 2609.57 6027.29 0.567042 0.455 0.3853 0.2243 0.39041 -1 2.52 0.39041 34.238 2.292 TBM 6282080 0.22775 -1
628 2 103 1082 1082 146 146 25649.7 51909.4 0.505876 10044.1 29595.8 0.660626 16497.3 22313.6 0.26066 3525.98 7911.47 0.55432 11222.4 32198.3 0.651459 6271.65 22890.2 0.726012 6046.99 9308.07 0.35035 926.872 1884.18 0.508077 14942.3 19711.1 0.241935 4508.22 6705.6 0.327693 10827.5 13005.5 0.16747 2663.19 6027.29 0.558144 0.4241 0.3596 0.2158 0.36301 -1 2.56 0.36301 31.353 2.258 TBM 6282103 0.22775 -1
628 2 119 1082 1082 146 146 24653.3 51909.4 0.525071 9658.68 29595.8 0.673647 16122.4 22313.6 0.277461 3246.18 7911.47 0.589686 10810.4 32198.3 0.664256 5923.34 22890.2 0.741229 5898.79 9308.07 0.366272 806.866 1884.18 0.571768 14613.2 19711.1 0.258631 4383.75 6705.6 0.346256 10512.2 13005.5 0.191711 2617.58 6027.29 0.565713 0.4548 0.3836 0.2243 0.38699 -1 2.49 0.38699 34.175 2.282 TBM 6282119 0.224325 -1
628 2 127 1082 1082 146 146 25220.9 51909.4 0.514137 10377.9 29595.8 0.649346 16775 22313.6 0.248216 3218.67 7911.47 0.593164 11588.7 32198.3 0.640084 6264.84 22890.2 0.72631 6307.59 9308.07 0.322352 881.515 1884.18 0.53215 15158.5 19711.1 0.230968 4815.52 6705.6 0.281867 10813 13005.5 0.168584 2612.17 6027.29 0.566609 0.4254 0.3476 0.1884 0.34589 -1 2.93 0.34589 31.14 1.812 TBM 6282127 0.184925 -1
628 2 166 1082 1082 146 146 24987.2 51909.4 0.518638 10008.9 29595.8 0.661812 16408 22313.6 0.264665 3083.16 7911.47 0.610292 11359.8 32198.3 0.647191 6237 22890.2 0.727526 6177.23 9308.07 0.336358 863.183 1884.18 0.541879 14839.3 19711.1 0.24716 4549.8 6705.6 0.321493 10679.9 13005.5 0.178819 2450.6 6027.29 0.593416 0.4488 0.3955 0.2346 0.39897 -1 2.71 0.39897 35.608 2.242 TBM 6282166 0.234575 -1
628 2 173 1082 1082 146 146 24216 51909.4 0.533496 9831.14 29595.8 0.66782 16095 22313.6 0.27869 3261.79 7911.47 0.587714 10876.9 32198.3 0.66219 6108.22 22890.2 0.733151 6121.92 9308.07 0.342299 911.087 1884.18 0.516455 14530.9 19711.1 0.26281 4531.08 6705.6 0.324284 10544.5 13005.5 0.18923 2526.91 6027.29 0.580755 0.4199 0.3476 0.1901 0.35788 -1 2.95 0.35788 30.321 1.833 TBM 6282173 0.1952 -1
628 2 213 1082 1082 146 146 25192.9 51909.4 0.514676 10348.4 29595.8 0.650342 16665.6 22313.6 0.253118 3032.69 7911.47 0.616672 11447 32198.3 0.644485 6374.6 22890.2 0.721514 6202.23 9308.07 0.333672 852.993 1884.18 0.547287 15061.1 19711.1 0.235907 4679.17 6705.6 0.302199 10868.3 13005.5 0.164329 2381.96 6027.29 0.604803 0.4282 0.3476 0.1884 0.3476 -1 2.93 0.3476 31.27 1.846 TBM 6282213 0.190075 -1
628 2 215 1082 1082 146 146 24618.2 51909.4 0.525747 9599.68 29595.8 0.675641 16112.3 22313.6 0.277915 3212.02 7911.47 0.594005 10817.7 32198.3 0.664029 5978.11 22890.2 0.738836 5867.89 9308.07 0.369592 777.215 1884.18 0.587505 14639.1 19711.1 0.257319 4436.17 6705.6 0.338438 10535.6 13005.5 0.189914 2609.57 6027.29 0.567042 0.455 0.3853 0.2243 0.39041 -1 2.52 0.39041 34.238 2.292 TBM 6282215 0.22775 -1
628 2 236 1082 1082 146 146 24239.4 51909.4 0.533045 9724.39 29595.8 0.671427 16015.9 22313.6 0.282236 3055.18 7911.47 0.613829 10755.2 32198.3 0.665969 5959.1 22890.2 0.739666 6075.24 9308.07 0.347315 889.488 1884.18 0.527918 14516.7 19711.1 0.263528 4449.73 6705.6 0.336416 10507.2 13005.5 0.192098 2409.37 6027.29 0.600256 0.4749 0.3938 0.2277 0.39897 -1 2.77 0.39897 36.589 2.369 TBM 6282236 0.22945 -1
628 2 307 1082 1082 146 146 24258.4 51909.4 0.532679 10044 29595.8 0.660629 16408.9 22313.6 0.264624 2852.45 7911.47 0.639454 10918.7 32198.3 0.660893 6213.72 22890.2 0.728543 6020.03 9308.07 0.353246 896.464 1884.18 0.524216 15005.3 19711.1 0.238741 4727.36 6705.6 0.295014 10712.7 13005.5 0.176293 2191.01 6027.29 0.636486 0.4162 0.3596 0.2243 0.36473 -1 2.51 0.36473 32.947 2.261 TBM 6282307 0.226 -1
628 2 366 1082 1082 146 146 24552.1 51909.4 0.527021 9586.37 29595.8 0.676091 16340.4 22313.6 0.267693 3327.55 7911.47 0.579402 10850.5 32198.3 0.663011 5933.87 22890.2 0.740768 6057.16 9308.07 0.349257 818.351 1884.18 0.565673 14789.3 19711.1 0.2497 4583.28 6705.6 0.3165 10655.6 13005.5 0.180688 2665.91 6027.29 0.557694 0.4163 0.3579 0.2055 0.35959 -1 2.5 0.35959 32.089 2.08 TBM 6282366 0.205475 -1
628 2 409 1082 1082 146 146 24642.3 51909.4 0.525283 9663.7 29595.8 0.673478 16255.2 22313.6 0.271512 3121.19 7911.47 0.605486 11159.3 32198.3 0.653418 6249.76 22890.2 0.726968 6100.56 9308.07 0.344595 879.617 1884.18 0.533157 14724.3 19711.1 0.252995 4468.95 6705.6 0.33355 10672.3 13005.5 0.179399 2549.02 6027.29 0.577088 0.4344 0.3853 0.2346 0.3887 -1 2.61 0.3887 35.046 2.249 TBM 6282409 0.236275 -1
628 2 452 1082 1082 146 146 24743.9 51909.4 0.523326 10187 29595.8 0.655797 16173.4 22313.6 0.275176 3548.97 7911.47 0.551414 11351.2 32198.3 0.64746 6482.21 22890.2 0.716813 6043.51 9308.07 0.350724 832.971 1884.18 0.557913 14730.5 19711.1 0.252681 4498.13 6705.6 0.329199 10742.6 13005.5 0.173998 2760.98 6027.29 0.541919 0.4242 0.3767 0.2466 0.38014 -1 2.58 0.38014 35.525 2.648 TBM 6282452 0.24655 -1
628 2 457 1082 1082 146 146 24087.5 51909.4 0.535971 9405.88 29595.8 0.682189 16361 22313.6 0.266771 2863.29 7911.47 0.638084 10738.3 32198.3 0.666495 6011.1 22890.2 0.737395 5949.88 9308.07 0.360783 816.74 1884.18 0.566528 14855.8 19711.1 0.246324 4451.72 6705.6 0.336119 10890.1 13005.5 0.162655 2342.67 6027.29 0.611322 0.4528 0.3955 0.2432 0.39726 -1 2.71 0.39726 35.797 2.388 TBM 6282457 0.24315 -1
630 1 321 813 813 99 99 18541.9 37273.2 0.502539 6508.39 19565.6 0.667356 13341.4 17707.5 0.246569 2403.15 6023.36 0.601027 7154.69 21373.9 0.66526 3534.86 14230.4 0.751598 4545.49 7143.5 0.363689 618.479 1206.46 0.487361 12311.7 15899.3 0.225644 3534.74 5335.25 0.337475 9059.14 10564 0.142453 2008.95 4816.9 0.582937 0.2993 0.2828 0.2348 0.31061 -1 1.85 0.31061 25.837 1.487 TBM 6301321 0.23735 -1
637 1 1 1066 1066 135 135 20219.3 46200.9 0.562361 8613.95 28322.3 0.69586 12934.1 17878.5 0.276556 4398.97 10493.1 0.580774 9345.39 30508.5 0.693679 5216.3 21546.7 0.757908 5397.88 8961.72 0.397674 853.322 1386.38 0.384498 11695.9 15692.4 0.254677 4213.66 6775.61 0.378114 7791.54 8916.81 0.126196 3793 9106.7 0.583493 0.1852 0.1907 0.1463 0.19444 -1 2.06 0.19444 18.54 1.298 FM 6371001 0.14815 -1
637 1 2 1066 1066 135 135 16448.1 46200.9 0.643986 6857.36 28322.3 0.757882 11087.9 17878.5 0.379819 3627 10493.1 0.654344 7270.78 30508.5 0.76168 3909.51 21546.7 0.818557 4477.76 8961.72 0.500346 666.675 1386.38 0.519127 10180.5 15692.4 0.35125 3463.85 6775.61 0.488776 7018.4 8916.81 0.212902 3298.29 9106.7 0.637817 0.3739 0.3463 0.2389 0.35185 -1 2.23 0.35185 33.381 2.317 FM 6371002 0.24075 -1
637 1 26 1066 1047 135 132 19765.8 46200.9 0.572176 8418.94 28322.3 0.702745 12494.2 17878.5 0.301165 5332.07 10493.1 0.491849 9183.25 30508.5 0.698993 5070.08 21546.7 0.764694 5188.28 8961.72 0.421062 824.232 1386.38 0.405481 11280.5 15692.4 0.281148 3992.91 6775.61 0.410694 7575.72 8916.81 0.1504 4685.8 9106.7 0.485455 0.2357 0.2222 0.1574 0.22593 -1 2.34 0.22593 21.43 1.436 FM 6371026 0.157425 -1
637 1 47 1066 1066 135 135 17100.5 46200.9 0.629867 7186.17 28322.3 0.746272 11332.2 17878.5 0.366157 3985.71 10493.1 0.620158 7577.34 30508.5 0.751631 4036.23 21546.7 0.812675 4609.09 8961.72 0.485691 623.755 1386.38 0.550085 10247.8 15692.4 0.346958 3706.8 6775.61 0.45292 6915.47 8916.81 0.224446 3576.97 9106.7 0.607216 0.2899 0.2833 0.1889 0.29074 -1 1.54 0.29074 26.385 2.078 FM 6371047 0.188875 -1
637 1 55 1066 1066 135 135 20543.8 46200.9 0.555339 8301.29 28322.3 0.706899 12913.8 17878.5 0.27769 3760.24 10493.1 0.641646 9222.41 30508.5 0.69771 4826.36 21546.7 0.776005 5349.61 8961.72 0.40306 806.453 1386.38 0.418305 11732.5 15692.4 0.252343 4096.65 6775.61 0.395383 7799.04 8916.81 0.125356 3172.8 9106.7 0.651597 0.2245 0.213 0.1537 0.22037 -1 2.34 0.22037 20.69 1.268 FM 6371055 0.1611 -1
637 1 56 1066 1066 135 135 19396.9 46200.9 0.580162 7517.97 28322.3 0.734557 13006.1 17878.5 0.272528 3378.14 10493.1 0.67806 8164.52 30508.5 0.732385 4335.19 21546.7 0.798801 5092.02 8961.72 0.431803 786.773 1386.38 0.4325 11769 15692.4 0.25002 3901.96 6775.61 0.424117 7995.61 8916.81 0.103311 2736.31 9106.7 0.699528 0.2334 0.2315 0.1704 0.23519 -1 2.29 0.23519 22.606 1.38 FM 6371056 0.17035 -1
637 1 63 1066 1066 135 135 17177.3 46200.9 0.628204 6724.5 28322.3 0.762573 11617.2 17878.5 0.350215 4073.78 10493.1 0.611765 7408.69 30508.5 0.75716 4052.09 21546.7 0.81194 4535.3 8961.72 0.493926 717.701 1386.38 0.482321 10635.4 15692.4 0.322258 3527.05 6775.61 0.479449 7288.24 8916.81 0.182641 3617.52 9106.7 0.602763 0.2839 0.2685 0.1519 0.27037 -1 2.85 0.27037 24.183 1.151 FM 6371063 0.151875 -1
637 1 75 1066 1066 135 135 17638.7 46200.9 0.618217 6778.83 28322.3 0.760654 12020.7 17878.5 0.327646 4884.25 10493.1 0.534527 7370.96 30508.5 0.758396 3954.2 21546.7 0.816483 4594.71 8961.72 0.487296 700.44 1386.38 0.494772 10989.6 15692.4 0.29969 3655.9 6775.61 0.460432 7639.1 8916.81 0.143292 4389.01 9106.7 0.518046 0.2635 0.2407 0.1704 0.24444 -1 2.42 0.24444 23.199 1.428 FM 6371075 0.174075 -1
637 1 77 1066 1066 135 135 21995.6 46200.9 0.523915 9722.08 28322.3 0.656735 13364.8 17878.5 0.252465 4266.16 10493.1 0.593431 10581.9 30508.5 0.653147 6042.33 21546.7 0.719571 5571.04 8961.72 0.378351 807.364 1386.38 0.417647 12090.1 15692.4 0.229557 4300.71 6775.61 0.365265 8006.56 8916.81 0.102082 3901.34 9106.7 0.571596 0.2222 0.1981 0.1296 0.20556 -1 1.97 0.20556 19.588 1.402 FM 6371077 0.127775 -1
637 1 80 1066 1066 135 135 18151.6 46200.9 0.607116 7346.04 28322.3 0.740627 11813.4 17878.5 0.339239 4000.82 10493.1 0.618719 8355.99 30508.5 0.726109 4372.21 21546.7 0.797083 4819.56 8961.72 0.462206 670.851 1386.38 0.516114 10706 15692.4 0.317757 3699.12 6775.61 0.454054 7161.94 8916.81 0.196804 3622.23 9106.7 0.602245 0.2422 0.1981 0.1333 0.2037 -1 2.21 0.2037 19.334 1.211 FM 6371080 0.133325 -1
637 1 102 1066 1066 135 135 20379.4 46200.9 0.558896 8595.33 28322.3 0.696518 12982.1 17878.5 0.273874 4606.55 10493.1 0.560992 9207.5 30508.5 0.698198 5163.59 21546.7 0.760354 5057.03 8961.72 0.435708 718.643 1386.38 0.481642 11839.9 15692.4 0.245502 3881.28 6775.61 0.427168 8146.51 8916.81 0.0863875 4047.32 9106.7 0.555567 0.2111 0.1907 0.1407 0.19815 -1 2.31 0.19815 18.293 1.204 FM 6371102 0.14445 -1
637 1 103 1066 1066 135 135 20094 46200.9 0.565073 8432.52 28322.3 0.702266 12592 17878.5 0.295691 4111.05 10493.1 0.608214 9133.84 30508.5 0.700613 5116.77 21546.7 0.762527 5165.74 8961.72 0.423577 705.107 1386.38 0.491406 11558.8 15692.4 0.263416 4046.43 6775.61 0.402795 7668.59 8916.81 0.139985 3636.46 9106.7 0.600683 0.2486 0.2278 0.1537 0.22778 -1 2.66 0.22778 21.139 1.232 FM 6371103 0.1537 -1
637 1 117 1066 1058 135 134 19665.3 46200.9 0.574353 8493.51 28322.3 0.700113 12518.7 17878.5 0.299792 3168.16 10493.1 0.698072 9267.96 30508.5 0.696217 5196.03 21546.7 0.758848 5225.73 8961.72 0.416883 690.949 1386.38 0.501617 11411.9 15692.4 0.272775 4069.37 6775.61 0.399409 7576.3 8916.81 0.150335 2756.94 9106.7 0.697262 0.2859 0.2648 0.1815 0.26667 -1 2.44 0.26667 23.927 1.576 FM 6371117 0.17965 -1
637 1 119 1066 1066 135 135 16121.7 46200.9 0.651052 6464.84 28322.3 0.77174 10948.4 17878.5 0.387626 3647.16 10493.1 0.652423 7032.47 30508.5 0.769491 3830.76 21546.7 0.822211 4220.94 8961.72 0.529004 684.997 1386.38 0.505911 10014.3 15692.4 0.361837 3207.8 6775.61 0.526567 7056.67 8916.81 0.20861 3258.25 9106.7 0.642214 0.2845 0.2667 0.1759 0.27407 -1 2.14 0.27407 25.402 1.609 FM 6371119 0.177775 -1
637 1 127 1066 1066 135 135 20572.5 46200.9 0.554717 8928.93 28322.3 0.684739 12665.8 17878.5 0.291562 5008.75 10493.1 0.522661 9776.54 30508.5 0.679546 5413.35 21546.7 0.748763 5323.67 8961.72 0.405955 854.301 1386.38 0.383791 11567.4 15692.4 0.262865 4223.95 6775.61 0.376595 7754.08 8916.81 0.130397 4299.66 9106.7 0.527857 0.1872 0.1759 0.1185 0.17778 -1 2.25 0.17778 16.743 1.021 FM 6371127 0.118525 -1
637 1 165 1066 1066 135 135 20624.4 46200.9 0.553592 8708.77 28322.3 0.692513 13211.3 17878.5 0.261054 2765.39 10493.1 0.736456 9540.34 30508.5 0.687289 5114.3 21546.7 0.762641 5503.97 8961.72 0.385836 746.085 1386.38 0.461848 12120.1 15692.4 0.227648 4342.56 6775.61 0.359089 8167.3 8916.81 0.0840556 2408.57 9106.7 0.735517 0.2193 0.2148 0.1667 0.22037 -1 2.14 0.22037 20.472 1.43 FM 6371165 0.16665 -1
637 1 166 1066 1066 135 135 18721.4 46200.9 0.594783 7343.55 28322.3 0.740715 12429.4 17878.5 0.304784 3634.09 10493.1 0.653668 8167.63 30508.5 0.732283 4144.53 21546.7 0.807649 5109.91 8961.72 0.429807 752.967 1386.38 0.456884 11370.3 15692.4 0.275427 3949.47 6775.61 0.417105 7706.06 8916.81 0.135783 3193.04 9106.7 0.649375 0.2745 0.2463 0.1944 0.25185 -1 2.13 0.25185 24.901 1.882 FM 6371166 0.194425 -1
637 1 173 1066 1066 135 135 19396.9 46200.9 0.580162 7517.97 28322.3 0.734557 13006.1 17878.5 0.272528 3378.14 10493.1 0.67806 8164.52 30508.5 0.732385 4335.19 21546.7 0.798801 5092.02 8961.72 0.431803 786.773 1386.38 0.4325 11769 15692.4 0.25002 3901.96 6775.61 0.424117 7995.61 8916.81 0.103311 2736.31 9106.7 0.699528 0.2334 0.2315 0.1704 0.23519 -1 2.29 0.23519 22.606 1.38 FM 6371173 0.17035 -1
637 1 174 1066 1066 135 135 20086.1 46200.9 0.565243 9139.67 28322.3 0.677298 12615.9 17878.5 0.294356 3728.71 10493.1 0.644651 9442.37 30508.5 0.6905 5314.66 21546.7 0.753343 5343.06 8961.72 0.40379 643.077 1386.38 0.536148 11559.2 15692.4 0.26339 4116.93 6775.61 0.39239 7661.7 8916.81 0.140758 3414.49 9106.7 0.625057 0.241 0.2296 0.1704 0.23148 -1 2.37 0.23148 22.293 1.418 FM 6371174 0.172225 -1
637 1 213 1066 1052 135 133 20638.8 46200.9 0.553281 8933.18 28322.3 0.684589 13136.3 17878.5 0.265245 4137.26 10493.1 0.605715 9675.21 30508.5 0.682868 5453.17 21546.7 0.746914 5441.07 8961.72 0.392855 835.667 1386.38 0.397233 11758.1 15692.4 0.250717 4146.76 6775.61 0.387988 7857.19 8916.81 0.118834 3533.15 9106.7 0.612027 0.2226 0.2204 0.1333 0.22037 -1 2.87 0.22037 20.035 0.908 FM 6371213 0.133325 -1
637 1 214 1066 1066 135 135 20402.8 46200.9 0.55839 8680.1 28322.3 0.693525 12964.1 17878.5 0.274881 3479.31 10493.1 0.668418 9341.27 30508.5 0.693814 5113.5 21546.7 0.762679 5247.18 8961.72 0.41449 608.823 1386.38 0.560855 11691.2 15692.4 0.254979 3985.43 6775.61 0.411797 7925.43 8916.81 0.111181 2979.11 9106.7 0.672866 0.246 0.2444 0.1593 0.2463 -1 2.92 0.2463 22.282 1.26 FM 6371214 0.1574 -1
637 1 215 1066 1066 135 135 16034.2 46200.9 0.652946 6496.72 28322.3 0.770615 11051.6 17878.5 0.381849 3598.86 10493.1 0.657025 7015.05 30508.5 0.770062 3843.26 21546.7 0.821631 4258.49 8961.72 0.524814 686.425 1386.38 0.504881 10100.3 15692.4 0.356357 3230.3 6775.61 0.523246 7115.46 8916.81 0.202017 3207.61 9106.7 0.647774 0.283 0.2704 0.1796 0.27222 -1 2.42 0.27222 25.417 1.427 FM 6371215 0.179625 -1
637 1 218 1066 1066 135 135 20867.2 46200.9 0.548338 9220.97 28322.3 0.674428 12882 17878.5 0.279473 3373.75 10493.1 0.678478 9583.44 30508.5 0.685876 5355.97 21546.7 0.751425 5395.48 8961.72 0.397942 746.546 1386.38 0.461515 11802.9 15692.4 0.247859 4383.71 6775.61 0.353016 7678.04 8916.81 0.138925 2943.35 9106.7 0.676793 0.1872 0.1815 0.1352 0.18519 -1 1.87 0.18519 17.334 1.372 FM 6371218 0.13335 -1
637 1 228 1066 1066 135 135 21775 46200.9 0.528689 9759.87 28322.3 0.6554 13371.8 17878.5 0.252074 3991.63 10493.1 0.619595 10316.7 30508.5 0.66184 5764.09 21546.7 0.732484 5708.57 8961.72 0.363006 805.336 1386.38 0.41911 12158.6 15692.4 0.225192 4565.53 6775.61 0.326182 7938.27 8916.81 0.109741 3263.87 9106.7 0.641597 0.236 0.2222 0.1593 0.22593 -1 2.23 0.22593 20.26 1.418 FM 6371228 0.15925 -1
637 1 229 1066 1066 135 135 21525.4 46200.9 0.534092 9858.54 28322.3 0.651916 13056.9 17878.5 0.269691 4562.81 10493.1 0.565161 10526.7 30508.5 0.654957 6310.04 21546.7 0.707146 5613.88 8961.72 0.373571 885.049 1386.38 0.361613 11749.5 15692.4 0.251261 4406.79 6775.61 0.349609 7679.07 8916.81 0.13881 3928.72 9106.7 0.56859 0.1858 0.187 0.1241 0.19815 -1 3.07 0.19815 18.044 0.82 FM 6371229 0.127775 -1
637 1 236 1066 1066 135 135 18825.8 46200.9 0.592522 7463.54 28322.3 0.736479 12651.6 17878.5 0.292358 3015.74 10493.1 0.712597 8176.11 30508.5 0.732005 4288.77 21546.7 0.800955 5113.16 8961.72 0.429444 725.284 1386.38 0.476852 11482.8 15692.4 0.268259 3811.03 6775.61 0.437537 7941.33 8916.81 0.109398 2650.04 9106.7 0.709001 0.2192 0.2148 0.1519 0.22222 -1 2.51 0.22222 21.093 1.301 FM 6371236 0.150025 -1
637 1 244 1066 1066 135 135 20787.5 46200.9 0.550063 9128.51 28322.3 0.677692 12981.3 17878.5 0.273918 4729.64 10493.1 0.549261 9563.45 30508.5 0.686531 5366.59 21546.7 0.750933 5331.11 8961.72 0.405124 805.727 1386.38 0.418828 11927 15692.4 0.239953 4186.3 6775.61 0.382151 7953.34 8916.81 0.108051 4253.18 9106.7 0.532962 0.1753 0.1611 0.1222 0.16481 -1 2.06 0.16481 14.967 0.972 FM 6371244 0.116675 -1
637 1 273 1066 1066 135 135 20219.3 46200.9 0.562361 8613.95 28322.3 0.69586 12934.1 17878.5 0.276556 4398.97 10493.1 0.580774 9345.39 30508.5 0.693679 5216.3 21546.7 0.757908 5397.88 8961.72 0.397674 853.322 1386.38 0.384498 11695.9 15692.4 0.254677 4213.66 6775.61 0.378114 7791.54 8916.81 0.126196 3793 9106.7 0.583493 0.1852 0.1907 0.1463 0.19444 -1 2.06 0.19444 18.54 1.298 FM 6371273 0.14815 -1
637 1 275 1066 1066 135 135 21769.4 46200.9 0.528809 9217.09 28322.3 0.674565 13569.7 17878.5 0.241004 4785.38 10493.1 0.543949 9798.83 30508.5 0.678816 5285.08 21546.7 0.754715 5800.01 8961.72 0.352802 805.675 1386.38 0.418866 12348.6 15692.4 0.213084 4375.9 6775.61 0.354169 8087.19 8916.81 0.0930401 4292.91 9106.7 0.528598 0.2566 0.2185 0.1537 0.22037 -1 2.44 0.22037 20.931 1.377 FM 6371275 0.15185 -1
637 1 276 1066 1066 135 135 20522 46200.9 0.55581 8882.19 28322.3 0.686389 12672.8 17878.5 0.291173 4115.24 10493.1 0.607814 9841.62 30508.5 0.677413 5554.35 21546.7 0.742218 5219.61 8961.72 0.417566 766.959 1386.38 0.446791 11465.6 15692.4 0.269355 3994.55 6775.61 0.410452 7637.88 8916.81 0.143429 3755.49 9106.7 0.587613 0.2422 0.2296 0.1556 0.22963 -1 2.18 0.22963 21.413 1.404 FM 6371276 0.15555 -1
637 1 286 1066 1066 135 135 20522 46200.9 0.55581 8882.19 28322.3 0.686389 12672.8 17878.5 0.291173 4115.24 10493.1 0.607814 9841.62 30508.5 0.677413 5554.35 21546.7 0.742218 5219.61 8961.72 0.417566 766.959 1386.38 0.446791 11465.6 15692.4 0.269355 3994.55 6775.61 0.410452 7637.88 8916.81 0.143429 3755.49 9106.7 0.587613 0.2422 0.2296 0.1556 0.22963 -1 2.18 0.22963 21.413 1.404 FM 6371286 0.15555 -1
637 1 291 1066 1066 135 135 16403.3 46200.9 0.644956 6588.36 28322.3 0.767379 11082.7 17878.5 0.380113 3657.8 10493.1 0.651408 7031.79 30508.5 0.769514 3862.91 21546.7 0.820719 4281.99 8961.72 0.522191 643.873 1386.38 0.535574 10188.8 15692.4 0.350716 3298.88 6775.61 0.513124 6982.34 8916.81 0.216947 3247.76 9106.7 0.643366 0.3142 0.2981 0.187 0.30185 -1 2.73 0.30185 27.446 1.484 FM 6371291 0.188875 -1
637 1 296 1066 1066 135 135 19592.8 46200.9 0.575922 7660.77 28322.3 0.729515 12851.5 17878.5 0.281176 3426.16 10493.1 0.673484 8346.21 30508.5 0.72643 4432.8 21546.7 0.79427 5081.06 8961.72 0.433026 779.083 1386.38 0.438047 11664.5 15692.4 0.256678 3959.92 6775.61 0.415563 7903.69 8916.81 0.113619 2757.43 9106.7 0.697208 0.2299 0.2148 0.1611 0.22593 -1 2.27 0.22593 21.085 1.352 FM 6371296 0.1611 -1
637 1 307 1066 1066 135 135 20992.5 46200.9 0.545625 8749.53 28322.3 0.691073 13140.5 17878.5 0.265012 3649.9 10493.1 0.652162 9395.42 30508.5 0.692039 5222.66 21546.7 0.757612 5246.94 8961.72 0.414517 747.197 1386.38 0.461046 11964.2 15692.4 0.237583 4035.56 6775.61 0.404398 8038.7 8916.81 0.0984785 3274.66 9106.7 0.640412 0.2553 0.2463 0.1889 0.24815 -1 2.14 0.24815 23.705 1.744 FM 6371307 0.188875 -1
637 1 314 1066 1066 135 135 21326.8 46200.9 0.538389 8844.62 28322.3 0.687716 13362.9 17878.5 0.25257 3841.59 10493.1 0.633893 9770.55 30508.5 0.679743 5161.95 21546.7 0.76043 5666.07 8961.72 0.367748 757.166 1386.38 0.453855 12030.7 15692.4 0.233345 4265.39 6775.61 0.370479 8029.85 8916.81 0.0994706 3381.25 9106.7 0.628707 0.2515 0.2241 0.1574 0.22222 -1 2.17 0.22222 20.832 1.54 FM 6371314 0.153725 -1
637 1 319 1066 1066 135 135 19396.9 46200.9 0.580162 7517.97 28322.3 0.734557 13006.1 17878.5 0.272528 3378.14 10493.1 0.67806 8164.52 30508.5 0.732385 4335.19 21546.7 0.798801 5092.02 8961.72 0.431803 786.773 1386.38 0.4325 11769 15692.4 0.25002 3901.96 6775.61 0.424117 7995.61 8916.81 0.103311 2736.31 9106.7 0.699528 0.2334 0.2315 0.1704 0.23519 -1 2.29 0.23519 22.606 1.38 FM 6371319 0.17035 -1
637 1 321 1066 1066 135 135 17928.5 46200.9 0.611945 6934.33 28322.3 0.755164 12007.8 17878.5 0.328367 4120.74 10493.1 0.60729 7459.46 30508.5 0.755495 3811.81 21546.7 0.823091 4613.58 8961.72 0.485191 735.291 1386.38 0.469634 11054 15692.4 0.295586 3668.94 6775.61 0.458507 7591.38 8916.81 0.148644 3510.59 9106.7 0.614505 0.2313 0.2278 0.1667 0.23333 -1 1.99 0.23333 22.097 1.629 FM 6371321 0.168525 -1
637 1 345 1066 1066 135 135 20757.5 46200.9 0.550712 8880.27 28322.3 0.686457 12966.4 17878.5 0.274748 4920.07 10493.1 0.531113 9842.06 30508.5 0.677399 5162.76 21546.7 0.760393 5669.52 8961.72 0.367362 893.941 1386.38 0.355199 11668.4 15692.4 0.256432 4327.78 6775.61 0.36127 7675.59 8916.81 0.1392 4310.12 9106.7 0.526709 0.1882 0.1759 0.1259 0.17963 -1 1.92 0.17963 17.17 1.241 FM 6371345 0.125925 -1
637 1 346 1066 1066 135 135 22342.7 46200.9 0.516401 9961.19 28322.3 0.648292 13514.9 17878.5 0.244072 4780.01 10493.1 0.544461 10974.6 30508.5 0.640275 5990.74 21546.7 0.721965 5895.72 8961.72 0.342121 821.224 1386.38 0.40765 12077 15692.4 0.230393 4474.73 6775.61 0.339582 7834.23 8916.81 0.121409 4044.37 9106.7 0.555891 0.1872 0.1889 0.1426 0.2 -1 2.11 0.2 17.829 1.22 FM 6371346 0.14445 -1
637 1 366 1066 1066 135 135 17177.3 46200.9 0.628204 6724.5 28322.3 0.762573 11617.2 17878.5 0.350215 4073.78 10493.1 0.611765 7408.69 30508.5 0.75716 4052.09 21546.7 0.81194 4535.3 8961.72 0.493926 717.701 1386.38 0.482321 10635.4 15692.4 0.322258 3527.05 6775.61 0.479449 7288.24 8916.81 0.182641 3617.52 9106.7 0.602763 0.2839 0.2685 0.1519 0.27037 -1 2.85 0.27037 24.183 1.151 FM 6371366 0.151875 -1
637 1 380 1066 1066 135 135 16208.9 46200.9 0.649166 6403.18 28322.3 0.773918 10850.3 17878.5 0.393108 3497.08 10493.1 0.666725 6922.45 30508.5 0.773097 3586.54 21546.7 0.833546 4305.47 8961.72 0.519571 635.68 1386.38 0.541483 9820.07 15692.4 0.374216 3410.43 6775.61 0.49666 6801.89 8916.81 0.237184 3198.6 9106.7 0.648764 0.3683 0.3574 0.2481 0.36296 -1 2.56 0.36296 34.937 2.146 FM 6371380 0.24445 -1
637 1 409 1066 1066 135 135 18943 46200.9 0.589987 7487.73 28322.3 0.735625 12718.6 17878.5 0.28861 3381.61 10493.1 0.677729 8269.09 30508.5 0.728957 4376.3 21546.7 0.796893 5101.45 8961.72 0.430751 710.151 1386.38 0.487767 11500.3 15692.4 0.267146 3892.88 6775.61 0.425457 7978.11 8916.81 0.105273 2968.76 9106.7 0.674003 0.2645 0.2574 0.1685 0.25926 -1 2.11 0.25926 23.587 1.491 FM 6371409 0.16665 -1
637 1 428 1066 1066 135 135 15689.7 46200.9 0.660403 6252.78 28322.3 0.779228 10469.8 17878.5 0.414394 3273.99 10493.1 0.687986 6737.99 30508.5 0.779144 3595.91 21546.7 0.833111 4188.95 8961.72 0.532573 632.204 1386.38 0.54399 9616.96 15692.4 0.387159 3342.95 6775.61 0.50662 6662.04 8916.81 0.252867 3020.77 9106.7 0.668291 0.3657 0.3444 0.2407 0.35926 -1 2.26 0.35926 34.175 2.164 FM 6371428 0.24445 -1
637 1 449 1066 1066 135 135 22342.7 46200.9 0.516401 9961.19 28322.3 0.648292 13514.9 17878.5 0.244072 4780.01 10493.1 0.544461 10974.6 30508.5 0.640275 5990.74 21546.7 0.721965 5895.72 8961.72 0.342121 821.224 1386.38 0.40765 12077 15692.4 0.230393 4474.73 6775.61 0.339582 7834.23 8916.81 0.121409 4044.37 9106.7 0.555891 0.1872 0.1889 0.1426 0.2 -1 2.11 0.2 17.829 1.22 FM 6371449 0.14445 -1
637 1 452 1066 1066 135 135 18608.4 46200.9 0.597227 8057.64 28322.3 0.715502 12500 17878.5 0.300835 3720.8 10493.1 0.645405 8587.16 30508.5 0.718532 4818.21 21546.7 0.776383 5111.31 8961.72 0.429651 752.153 1386.38 0.457471 11405.9 15692.4 0.27316 4060.95 6775.61 0.400652 7692.09 8916.81 0.137349 3220.42 9106.7 0.646368 0.2544 0.2352 0.15 0.23519 -1 2.53 0.23519 21.025 1.101 FM 6371452 0.1463 -1
637 1 453 1066 1066 135 135 22342.7 46200.9 0.516401 9961.19 28322.3 0.648292 13514.9 17878.5 0.244072 4780.01 10493.1 0.544461 10974.6 30508.5 0.640275 5990.74 21546.7 0.721965 5895.72 8961.72 0.342121 821.224 1386.38 0.40765 12077 15692.4 0.230393 4474.73 6775.61 0.339582 7834.23 8916.81 0.121409 4044.37 9106.7 0.555891 0.1872 0.1889 0.1426 0.2 -1 2.11 0.2 17.829 1.22 FM 6371453 0.14445 -1
637 1 457 1066 1066 135 135 17211.6 46200.9 0.627461 7184.49 28322.3 0.746331 11673.3 17878.5 0.347077 3681.18 10493.1 0.649181 7623.2 30508.5 0.750128 3974.66 21546.7 0.815533 4735.9 8961.72 0.471541 617.101 1386.38 0.554884 10676.7 15692.4 0.319628 3780.45 6775.61 0.442051 7282.58 8916.81 0.183275 3375.2 9106.7 0.629371 0.3121 0.2685 0.1852 0.27037 -1 2.33 0.27037 26.981 1.852 FM 6371457 0.185175 -1
637 1 476 1066 1066 135 135 22323.6 46200.9 0.516815 9672.47 28322.3 0.658486 13401.1 17878.5 0.250435 3886.58 10493.1 0.629605 10639.6 30508.5 0.651257 5891.53 21546.7 0.72657 5720.15 8961.72 0.361713 759.316 1386.38 0.452304 11978.4 15692.4 0.236679 4414.45 6775.61 0.348479 7804.56 8916.81 0.124736 3618.84 9106.7 0.602618 0.1953 0.1796 0.1315 0.18519 -1 2.49 0.18519 16.993 1.041 FM 6371476 0.131475 -1
639 1 1 1002 1002 124 124 21040.2 45419.7 0.53676 7501.23 25746.6 0.708651 14568.8 19673.1 0.259453 3413.49 8377.04 0.592518 7938.82 27629.9 0.712673 3707.03 19088.7 0.8058 5231.51 8541.27 0.387502 644.133 1328.07 0.514986 13610.8 17789.7 0.234905 4254.19 6657.9 0.361031 9580.36 11131.8 0.13937 2909.37 7048.97 0.587263 0.2967 0.2742 0.1996 0.28226 -1 1.92 0.28226 25.123 1.681 FM 6391001 0.1996 -1
639 1 47 1002 1002 124 124 21159.1 45419.7 0.534143 7999.2 25746.6 0.68931 14790.1 19673.1 0.248207 3143.2 8377.04 0.624783 8495.11 27629.9 0.69254 4238.83 19088.7 0.77794 5509.32 8541.27 0.354976 609.882 1328.07 0.540776 13554.5 17789.7 0.23807 4469.85 6657.9 0.32864 9497.04 11131.8 0.146855 2688.09 7048.97 0.618655 0.3419 0.3306 0.2601 0.33468 -1 1.04 0.33468 30.003 3.694 FM 6391047 0.2641 -1
639 1 55 1002 1002 124 124 22395.2 45419.7 0.506927 8468.37 25746.6 0.671088 15085.3 19673.1 0.233201 3714.42 8377.04 0.556596 8972.37 27629.9 0.675267 4544.66 19088.7 0.761919 5584.32 8541.27 0.346196 729.152 1328.07 0.450969 14045.4 17789.7 0.210474 4550.72 6657.9 0.316494 9722.99 11131.8 0.126557 3164.84 7048.97 0.551021 0.2058 0.1996 0.1452 0.20161 -1 1.94 0.20161 17.917 1.224 FM 6391055 0.14315 -1
639 1 56 1002 1002 124 124 22212.9 45419.7 0.510941 7946.97 25746.6 0.691339 15564.1 19673.1 0.208862 3486.61 8377.04 0.58379 8392.13 27629.9 0.696267 4095.09 19088.7 0.78547 5501.44 8541.27 0.355899 855.423 1328.07 0.35589 14502.6 17789.7 0.184773 4473.39 6657.9 0.328109 10166.1 11131.8 0.086754 2846.76 7048.97 0.596145 0.2909 0.2762 0.2077 0.27823 -1 1.77 0.27823 24.699 1.922 FM 6391056 0.203625 -1
639 1 63 1002 1002 124 124 21956.3 45419.7 0.516591 7822.38 25746.6 0.696178 15390.6 19673.1 0.217683 3941.39 8377.04 0.5295 8643.4 27629.9 0.687173 3924.11 19088.7 0.794427 5689 8541.27 0.33394 769.129 1328.07 0.420867 14248.9 17789.7 0.199035 4585.92 6657.9 0.311206 9867.88 11131.8 0.113542 3359.19 7048.97 0.523449 0.308 0.2843 0.2198 0.28831 -1 1.8 0.28831 27.409 2.21 FM 6391063 0.221775 -1
639 1 75 1002 1002 124 124 21599.6 45419.7 0.524444 7429.04 25746.6 0.711455 15313.2 19673.1 0.221616 4235.75 8377.04 0.494361 7994.51 27629.9 0.710658 3547.72 19088.7 0.814146 5479.84 8541.27 0.358428 816.759 1328.07 0.385003 14277.7 17789.7 0.197421 4364.21 6657.9 0.344507 10063.1 11131.8 0.0959997 3653.02 7048.97 0.481765 0.2675 0.2722 0.1855 0.27621 -1 2.94 0.27621 24.976 1.054 FM 6391075 0.1855 -1
639 1 119 1002 1002 124 124 22130.1 45419.7 0.512763 7860.4 25746.6 0.694701 15397.5 19673.1 0.217332 3566.64 8377.04 0.574236 8758.63 27629.9 0.683002 4200.96 19088.7 0.779924 5696 8541.27 0.33312 766.065 1328.07 0.423174 14185 17789.7 0.20263 4433.96 6657.9 0.33403 9970.07 11131.8 0.104361 3064.16 7048.97 0.565304 0.2467 0.2137 0.1452 0.21573 -1 2.13 0.21573 20.215 1.302 FM 6391119 0.145175 -1
639 1 173 1002 1002 124 124 22212.9 45419.7 0.510941 7946.97 25746.6 0.691339 15564.1 19673.1 0.208862 3486.61 8377.04 0.58379 8392.13 27629.9 0.696267 4095.09 19088.7 0.78547 5501.44 8541.27 0.355899 855.423 1328.07 0.35589 14502.6 17789.7 0.184773 4473.39 6657.9 0.328109 10166.1 11131.8 0.086754 2846.76 7048.97 0.596145 0.2909 0.2762 0.2077 0.27823 -1 1.77 0.27823 24.699 1.922 FM 6391173 0.203625 -1
639 1 174 1002 1002 124 124 22510.2 45419.7 0.504395 8279.76 25746.6 0.678413 15613.6 19673.1 0.206347 2850.98 8377.04 0.659667 8866.29 27629.9 0.679106 4156.96 19088.7 0.782229 5658.21 8541.27 0.337544 733.805 1328.07 0.447464 14561.7 17789.7 0.181453 4543.37 6657.9 0.317598 10259.8 11131.8 0.078333 2424.76 7048.97 0.656012 0.2313 0.2218 0.1835 0.23185 -1 1.61 0.23185 20.921 1.635 FM 6391174 0.183475 -1
639 1 213 1002 1002 124 124 21444.6 45419.7 0.527857 8317.91 25746.6 0.676932 14426 19673.1 0.266714 3284.33 8377.04 0.607936 8914.88 27629.9 0.677347 4264.19 19088.7 0.776612 5672.05 8541.27 0.335923 678.677 1328.07 0.488974 13447.2 17789.7 0.244103 4647.24 6657.9 0.301996 9249.07 11131.8 0.169131 2799.26 7048.97 0.602884 0.398 0.3871 0.3165 0.39113 -1 1.29 0.39113 35.34 3.682 FM 6391213 0.31855 -1
639 1 215 1002 1002 124 124 22130.1 45419.7 0.512763 7860.4 25746.6 0.694701 15397.5 19673.1 0.217332 3566.64 8377.04 0.574236 8758.63 27629.9 0.683002 4200.96 19088.7 0.779924 5696 8541.27 0.33312 766.065 1328.07 0.423174 14185 17789.7 0.20263 4433.96 6657.9 0.33403 9970.07 11131.8 0.104361 3064.16 7048.97 0.565304 0.2467 0.2137 0.1452 0.21573 -1 2.13 0.21573 20.215 1.302 FM 6391215 0.145175 -1
639 1 236 1002 1002 124 124 21773.7 45419.7 0.52061 7648.31 25746.6 0.702939 15108.2 19673.1 0.232037 3598.68 8377.04 0.570411 8379.75 27629.9 0.696715 3940.3 19088.7 0.793579 5486.88 8541.27 0.357603 766.36 1328.07 0.422952 13950.9 17789.7 0.215787 4464.49 6657.9 0.329445 9770.06 11131.8 0.122329 3135.43 7048.97 0.555193 0.3481 0.3306 0.2157 0.33669 -1 3.08 0.33669 31.288 1.383 FM 6391236 0.215725 -1
639 1 244 1002 1002 124 124 21563.6 45419.7 0.525236 8021.61 25746.6 0.68844 14619.8 19673.1 0.25686 3854.08 8377.04 0.539923 8477.29 27629.9 0.693185 4213.63 19088.7 0.77926 5425.38 8541.27 0.364804 725.452 1328.07 0.453755 13614.6 17789.7 0.234695 4414.01 6657.9 0.337027 9380.74 11131.8 0.157302 3326.73 7048.97 0.528055 0.3374 0.3306 0.2702 0.33266 -1 1.14 0.33266 29.672 3.38 FM 6391244 0.2722 -1
639 1 273 1002 1002 124 124 21040.2 45419.7 0.53676 7501.23 25746.6 0.708651 14568.8 19673.1 0.259453 3413.49 8377.04 0.592518 7938.82 27629.9 0.712673 3707.03 19088.7 0.8058 5231.51 8541.27 0.387502 644.133 1328.07 0.514986 13610.8 17789.7 0.234905 4254.19 6657.9 0.361031 9580.36 11131.8 0.13937 2909.37 7048.97 0.587263 0.2967 0.2742 0.1996 0.28226 -1 1.92 0.28226 25.123 1.681 FM 6391273 0.1996 -1
639 1 380 1002 1002 124 124 19133.4 45419.7 0.578743 6811.42 25746.6 0.735444 13878 19673.1 0.294566 3664.87 8377.04 0.56251 7263.43 27629.9 0.737117 3432.76 19088.7 0.820168 5053.84 8541.27 0.408303 702.91 1328.07 0.470728 12718.2 17789.7 0.285083 4135.87 6657.9 0.378804 9082.87 11131.8 0.184061 3201.78 7048.97 0.54578 0.3546 0.3488 0.2823 0.35484 -1 1.26 0.35484 32.191 3.239 FM 6391380 0.2782 -1
639 1 409 1002 1002 124 124 22652.7 45419.7 0.501259 8380.4 25746.6 0.674504 15582.5 19673.1 0.207926 3323.35 8377.04 0.603279 9119.42 27629.9 0.669944 4558.18 19088.7 0.76121 5713.45 8541.27 0.331077 651.019 1328.07 0.509801 14343.3 17789.7 0.19373 4544.61 6657.9 0.317411 10054.8 11131.8 0.096749 2815.51 7048.97 0.600579 0.2566 0.256 0.1815 0.26613 -1 2.76 0.26613 22.989 1.156 FM 6391409 0.179425 -1
639 1 428 1002 1002 124 124 21022.3 45419.7 0.537155 7381.39 25746.6 0.713306 14410.6 19673.1 0.267497 3801.18 8377.04 0.546238 7932.24 27629.9 0.712911 3700.35 19088.7 0.80615 5333.75 8541.27 0.375532 719.111 1328.07 0.458529 13377.1 17789.7 0.248043 4413.05 6657.9 0.337171 9163.56 11131.8 0.176812 3245.39 7048.97 0.539593 0.3246 0.3085 0.246 0.31452 -1 1.63 0.31452 28.832 2.432 FM 6391428 0.252025 -1
639 1 457 1002 1002 124 124 21317.5 45419.7 0.530654 7931.5 25746.6 0.69194 14982.4 19673.1 0.238432 3419.57 8377.04 0.591793 8697.8 27629.9 0.685204 4321.47 19088.7 0.773611 5597.78 8541.27 0.344619 695.849 1328.07 0.476044 13820.3 17789.7 0.22313 4383.19 6657.9 0.341656 9660 11131.8 0.132215 2859.72 7048.97 0.594307 0.3263 0.3024 0.2298 0.30847 -1 1.37 0.30847 28.955 2.864 FM 6391457 0.233875 -1
643 1 47 591 591 73 73 12372.3 26550.9 0.534016 4333.19 14640.9 0.704035 8778 11910 0.26297 1768.49 4847.46 0.635172 4852.11 15826.2 0.693412 2396.96 10975.1 0.7816 3021.7 4851.12 0.377113 427.11 980.822 0.564539 8231.2 10724.7 0.232499 2448.09 3665.83 0.332187 5890.33 7058.83 0.165538 1425.31 3866.63 0.631383 0.2771 0.339 0.2363 0.35274 -1 2.44 0.35274 32.847 0.985 TBM 6431047 0.236325 -1
643 1 214 591 591 73 73 13091.3 26550.9 0.506935 4645.47 14640.9 0.682706 9172.44 11910 0.229851 2001.66 4847.46 0.587069 5231.31 15826.2 0.669452 2491.98 10975.1 0.772942 3199.86 4851.12 0.340387 462.442 980.822 0.528516 8649.26 10724.7 0.193517 2512.99 3665.83 0.314482 6237.35 7058.83 0.116377 1565.25 3866.63 0.59519 0.255 0.2945 0.226 0.31507 -1 2.2 0.31507 28.364 1.045 TBM 6431214 0.22605 -1
643 1 314 591 591 73 73 11666.4 26550.9 0.560601 3523.39 14640.9 0.759346 9290.45 11910 0.219943 1709.46 4847.46 0.647349 4085.63 15826.2 0.741844 1715.04 10975.1 0.843733 3022.62 4851.12 0.376923 540.728 980.822 0.448699 8688.04 10724.7 0.189901 2282.66 3665.83 0.377314 6609.61 7058.83 0.0636398 1389.96 3866.63 0.640525 0.2335 0.25 0.2192 0.25685 -1 0.9 0.25685 24.52 1.799 TBM 6431314 0.2192 -1
