target    model       t_res  t_res_used  t_atoms  t_atoms_used  m_res  m_res_used  m_atoms  m_atoms_used  AA_diff  AA_ref   AA           AM_diff  AM_ref   AM          AS_diff  AS_ref   AS           AW_diff  AW_ref   AW        MA_diff  MA_ref   MA           MM_diff  MM_ref   MM        MS_diff  MS_ref   MS          MW_diff  MW_ref   MW        SA_diff  SA_ref   SA          SM_diff  SM_ref   SM          SS_diff  SS_ref   SS        SW_diff  SW_ref   SW         TM_score  TM_score_GDT_TS  TM_score_GDT_HA
T0622-D1  rbT0622-D1  122    122         956      956           122    122         956      956           7001.6   54729.3  0.872069     2201.67  31591.1  0.930307    5673.59  23138.2  0.754795     1153.56  7255.67  0.841013  2181.68  33206.2  0.934299     893.43   24099.3  0.962927  1615.13  9106.82  0.822646    245.045  1642.43  0.850804  5452.92  21523.1  0.746649    1581.15  7491.77  0.788949    4314.66  14031.4  0.692499  1092.41  5613.24  0.805386   1.0000    1.0000           1.0000
T0638-D1  rbT0638-D1  212    212         1581     1581          211    211         1671     1671          15140.5  93533.9  0.838129     5447.94  54887.4  0.900743    11032.3  38646.5  0.714533     2702.16  11048.2  0.75542   5316.14  57670.8  0.907819     2149.24  40553.4  0.947002  4143.4   17117.4  0.757942    643.169  2795.87  0.769958  10479.4  35863.1  0.707794    3851.07  14334    0.731333    7140.78  21529.2  0.668321  2300.81  8252.29  0.721191   0.9953    0.9953           0.9953
T0624-D1  rbT0624-D1  69     69          570      570           69     69          570      570           3940.54  30473.3  0.870688     1559.35  16248.9  0.904034    3009.29  14224.4  0.788441     629.475  4797.1   0.86878   1609.78  17645    0.908769     630.379  11438.9  0.944892  1218.49  6206.14  0.803663    207.27   1160.78  0.821439  2785.5   12828.2  0.782861    1135.36  4810     0.763959    1937.99  8018.21  0.758301  528.461  3636.32  0.854672   1.0000    1.0000           1.0000
T0525-D1  rbT0525-D1  205    205         1657     1657          205    205         1657     1657          13616    98821.7  0.862217     4422.5   55082.3  0.919711    10352.1  43739.4  0.763324     1456.11  10246.1  0.857886  4800.44  57621.1  0.91669      1607.78  39730.1  0.959532  3655.99  17891    0.795652    402.215  1952.69  0.79402   9858.94  41200.6  0.760709    3212.42  15352.2  0.790752    7307.5   25848.3  0.717293  1279.17  8293.42  0.845761   1.0000    1.0000           1.0000
T0541-D1  rbT0541-D1  102    102         759      759           102    102         759      759           5524.06  43964.4  0.874352     2268.43  24785.7  0.908478    4104.47  19178.7  0.785988     470.625  5317.63  0.911497  2334.23  26829    0.912996     1068.12  18402.6  0.941958  1654.33  8426.39  0.803673    223.084  1301.41  0.828583  3878.66  17135.4  0.773646    1536.6   6383.09  0.75927     2724.21  10752.3  0.746639  412.915  4016.22  0.897188   1.0000    1.0000           1.0000
T0630-D1  rbT0630-D1  99     99          813      813           99     99          813      813           6014.41  45997.1  0.869244     1898.57  25530.7  0.925636    4650.35  20466.4  0.772781     765.764  6120.48  0.874885  1909.09  26953.7  0.929172     841.74   18639.5  0.954841  1397.22  8314.24  0.831948    178.135  1266.42  0.859339  4503.26  19043.4  0.763526    1351.71  6891.23  0.803851    3354.38  12152.1  0.723968  652.005  4854.07  0.865679   1.0000    1.0000           1.0000
T0594-D1  rbT0594-D1  140    140         1137     1137          140    140         1137     1137          8955.53  66439.4  0.865208     2816.38  36241.4  0.922288    7089.56  30198    0.765231     1020.43  7472.05  0.863433  2882.57  38451.4  0.925033     1085.56  26652.6  0.95927   2227.86  11798.8  0.811179    213.389  1503.72  0.858092  6785.46  27988    0.757558    2014.37  9588.83  0.789925    5211.66  18399.2  0.716744  953.272  5968.34  0.840279   1.0000    1.0000           1.0000
T0589-D1  rbT0589-D1  228    228         1764     1764          228    228         1805     1805          15896    104774   0.848283     4867.34  59249.2  0.91785     12401.9  45524.7  0.727579     1996.71  11451.8  0.825642  5147.88  62315.5  0.91739      1707.91  44091.2  0.961264  4082.11  18224.3  0.776007    451.128  3112.88  0.855077  11597.8  42458.4  0.726844    3644.2   15158    0.759586    8859.56  27300.4  0.675479  1703.61  8338.94  0.795705   1.0000    1.0000           1.0000
T0528-D2  rbT0528-D2  160    160         1198     1198          160    160         1209     1209          9482.63  71988.2  0.868275     3384.71  41463.8  0.91837     7077.77  30524.4  0.768128     1271.19  7952.7   0.840157  3586.2   43916.4  0.91834      1300.99  30463.6  0.957294  2746.13  13452.7  0.795869    389.957  2022.7   0.80721   6751.7   28071.8  0.759485    2517.2   11000.2  0.771166    4711.89  17071.7  0.723994  1067.02  5930     0.820064   1.0000    1.0000           1.0000
T0522-D1  rbT0522-D1  131    131         1042     1042          131    131         1051     1051          8141.17  60994.1  0.866525     2469.1   34234.8  0.927878    6434.16  26759.4  0.759555     1228.47  7150.8   0.828205  2636.63  35966.1  0.926691     822.723  25219.6  0.967378  2138.58  10746.5  0.800997    279.879  1709.39  0.83627   6081.85  25028    0.756999    1952.68  9015.15  0.7834      4655.72  16012.9  0.709252  1075.4   5441.41  0.802368   1.0000    1.0000           1.0000
T0641-D1  rbT0641-D1  295    295         2287     2287          295    295         2287     2287          16480.3  139955   0.882245     5624.26  78313.2  0.928183    12421.5  61641.7  0.798489     1821.26  13120.1  0.861186  5818.51  82873.1  0.92979      2098.77  57376.1  0.963421  4551.53  25497    0.821488    477.213  2922.37  0.836703  11749.3  57081.7  0.794167    4059.59  20937    0.806105    8518.26  36144.7  0.764329  1568.57  10197.8  0.846184   1.0000    1.0000           1.0000
T0591-D1  rbT0591-D1  380    380         2896     2896          380    380         2885     2885          21926.5  179950   0.878152     6519.54  102618   0.936468    17032.4  77332.1  0.77975      2002.25  15396.7  0.869955  6254.98  108123   0.94215      2119.55  76514.6  0.972299  4918.66  31608.7  0.844389    510.084  3730.37  0.863262  16646.9  71826.6  0.768235    4816.78  26103.2  0.815471    12731.6  45723.4  0.721551  1714.98  11666.3  0.852997   0.9959    0.9954           0.9948
T0534-D2  rbT0534-D2  176    176         1347     1347          176    176         1347     1347          7714.7   81789.3  0.905676     2308.1   48154.2  0.952068    6296.83  33635.1  0.81279      865.575  8771.76  0.901323  2444.38  49924.5  0.951038     854.407  35861.4  0.976175  1913.93  14063    0.863903    225.854  1677.81  0.865388  5941.44  31864.8  0.813542    1705.16  12292.8  0.861288    4728.79  19572    0.758391  796.528  7093.95  0.887717   1.0000    1.0000           1.0000
T0596-D1  rbT0596-D1  53     53          422      422           53     53          432      432           3763.85  23280.9  0.838329     1165.69  14224.7  0.918052    2846.43  9056.22  0.685694     667.882  3681.16  0.818568  1206.32  14639.5  0.917599     395.543  10659.6  0.962893  903.742  3979.93  0.772925    102.082  712.615  0.85675   2721.61  8641.42  0.68505     873.14   3565.12  0.755088    1929.2   5076.29  0.61996   560.724  2968.55  0.811112   1.0000    1.0000           1.0000
T0579-D1  rbT0579-D1  60     60          456      456           60     60          456      456           3194.64  25273.1  0.873595     1135.23  14357.9  0.920933    2330.68  10915.2  0.786474     499.195  3883.86  0.871469  1237.16  15567.6  0.92053      472.937  10674.7  0.955695  903.589  4892.91  0.815327    123.661  1058.27  0.883148  2146.67  9705.5   0.778819    743.03   3683.2   0.798265    1511.99  6022.3   0.748934  507.85   2825.59  0.820267   1.0000    1.0000           1.0000
T0539-D1  rbT0539-D1  68     68          518      518           68     68          520      520           3846.71  28667.6  0.865817     1335.72  16809.8  0.920539    2760.32  11857.8  0.767215     628.74   4550.2   0.861821  1403.94  17713.1  0.92074      557.232  12627.4  0.955871  998.476  5085.71  0.80367     212.196  1274.23  0.833471  2684.48  10954.6  0.754944    909.749  4182.48  0.782486    1857.71  6772.09  0.725682  531.502  3275.97  0.837758   1.0000    1.0000           1.0000
T0582-D1  rbT0582-D1  121    121         947      947           121    121         952      952           6927.81  53486.4  0.870475     2360.62  29670.4  0.920439    5402.71  23816    0.773148     900.665  7330.19  0.877129  2148.74  31581.6  0.931962     970.981  21913.7  0.955691  1679.04  9667.91  0.826329    227.573  1955.45  0.883621  5172.79  21904.8  0.763851    1586.45  7756.68  0.795473    3902.89  14148.1  0.724141  789.1    5374.74  0.853184   1.0000    1.0000           1.0000
T0639-D1  rbT0639-D1  124    124         1002     1002          124    124         1002     1002          6742.71  56171.2  0.879961     2310.35  33508    0.931051    4992.37  22663.2  0.779715     963.281  8539.5   0.887197  2258.89  34502.1  0.934529     765.69   24895.3  0.969244  1789.54  9606.74  0.81372     196.539  1417.37  0.861336  5048.07  21669.2  0.767039    1786.32  8612.69  0.792594    3581.04  13056.5  0.725728  872.965  7122.13  0.877429   1.0000    1.0000           1.0000
T0578-D1  rbT0578-D1  148    148         1227     1227          148    148         1227     1227          8595.12  68511.6  0.874545     3089.01  37776.5  0.918229    6970.32  30735.1  0.773213     1100.32  9381.37  0.882712  2790.58  39635.5  0.929594     1071.68  27832.2  0.961495  2172.21  11803.3  0.815966    377.748  2027.97  0.813731  6564.28  28876.1  0.772675    2236.32  9944.3   0.775116    5120.67  18931.8  0.729521  1000.76  7353.4   0.863905   1.0000    1.0000           1.0000
T0536-D1  rbT0536-D1  93     93          736      736           93     93          754      754           5362.04  40527.8  0.867695     1774.56  23209.9  0.923543    4255.65  17317.9  0.754262     949.885  6104.4   0.844393  1814.05  24522.2  0.926024     747.804  17211.7  0.956553  1407.02  7310.51  0.807534    198.126  1356.96  0.853993  4003     16005.5  0.749899    1318.97  5998.19  0.780106    2966.95  10007.4  0.703524  863.4    4747.44  0.818134   1.0000    1.0000           1.0000
T0524-D1  rbT0524-D1  321    321         2589     2589          321    321         2598     2598          19167.3  157627   0.8784       5861.65  82131.4  0.928631    15275.1  75495.1  0.797668     1786.68  13425.4  0.866918  5714.19  87884.6  0.934981     2249.46  59061.9  0.961914  4468.28  28822.7  0.844973    414.736  3196.82  0.870266  14856.4  69742    0.78698     4330.29  23069.5  0.812294    11395.4  46672.5  0.755843  1708     10228.6  0.833017   1.0000    1.0000           1.0000
T0634-D1  rbT0634-D1  107    107         894      894           107    107         894      894           8758.2   49865.1  0.824362     2557.21  27013.2  0.905335    7070.41  22851.9  0.690598     1036.77  6378.26  0.837453  2511.09  28589    0.912166     860.409  19549    0.955987  1994.42  9040.07  0.77938     273.492  1246.92  0.780665  6901.35  21276.1  0.675628    1977.67  7464.26  0.735047    5380.82  13811.8  0.610419  996.669  5131.35  0.805769   1.0000    1.0000           1.0000
T0569-D1  rbT0569-D1  78     78          569      569           78     78          569      569           4544.45  31963    0.857821     1649.01  19081    0.913578    3406.85  12882    0.735534     594.695  4762.79  0.875137  1898.2   20274.8  0.906376     814.857  14274.4  0.942915  1334.56  6000.36  0.777587    194.815  1385.54  0.859394  3127.1   11688.2  0.732457    1131.99  4806.58  0.764491    2215.66  6881.64  0.678033  550.113  3377.25  0.837112   1.0000    1.0000           1.0000
T0598-D1  rbT0598-D1  127    127         1026     1026          127    127         1033     1033          7753.73  56108    0.861807     2231.22  32584.9  0.931526    6034.59  23523.1  0.743461     1071.77  9032.32  0.881341  2116.04  34034.7  0.937827     764.646  24589.6  0.968904  1668.85  9445.09  0.823311    285.853  2107.02  0.864333  5795.65  22073.3  0.737436    1635.55  7995.32  0.795437    4456.47  14078    0.683444  974.715  6925.31  0.859253   1.0000    1.0000           1.0000
T0576-D1  rbT0576-D1  133    133         1064     1064          133    133         1064     1064          8767.07  60647.2  0.855441     2511.57  33372.7  0.924742    6994.98  27274.4  0.743533     1094.01  7707.47  0.858058  2725.14  35550    0.923343     950.222  25183.3  0.962268  2095.63  10366.7  0.797851    247.826  1871.17  0.867556  6572.67  25097.2  0.738111    1885.15  8189.46  0.769808    5122.43  16907.7  0.697035  1013.69  5836.3   0.826312   1.0000    1.0000           1.0000
T0565-D1  rbT0565-D1  304    304         2409     2409          304    304         2429     2429          15825.5  147129   0.892438     5302.29  79203    0.933054    12645.1  67926    0.81384      2100.12  13640.4  0.846037  5404.53  84408.4  0.935972     1978.27  55762    0.964523  4359.57  28646.4  0.847814    438.901  3383.64  0.870287  11904.6  62720.6  0.810197    3939.47  23441    0.831941    9046.06  39279.6  0.769701  1842.58  10256.8  0.820355   1.0000    1.0000           1.0000
T0604-D1  rbT0604-D1  80     80          623      623           80     80          639      639           4589.69  33852.4  0.864421     1643.23  19644.1  0.91635     3346.28  14208.2  0.764483     846.241  5515.29  0.846565  1716.25  20802    0.917496     669.672  15069.2  0.95556   1295.81  5732.82  0.773966    227.797  1409.65  0.838402  3195.82  13050.4  0.755116    1175.14  4574.93  0.743134    2237.42  8475.43  0.736011  772.923  4105.64  0.811741   1.0000    1.0000           1.0000
T0564-D1  rbT0564-D1  61     61          490      490           61     61          490      490           3195.05  25654.1  0.875456     1064.05  15002.2  0.929074    2342.42  10651.9  0.780094     575.45   4574.78  0.874213  1035.47  15842.9  0.934641     421.81   11143    0.962146  797.865  4699.93  0.830239    177.452  1115.18  0.840875  2299.81  9811.16  0.765592    793.159  3859.21  0.794476    1641.79  5951.96  0.724159  503.7    3459.61  0.854405   1.0000    1.0000           1.0000
T0543-D1  rbT0543-D1  40     40          303      303           40     40          306      306           2304.42  16762    0.862521     844.666  10059.1  0.91603     1825.22  6702.83  0.727693     381.857  2979.9   0.871856  886.057  10606.8  0.916463     285.017  7696.92  0.96297   757.532  2909.83  0.739664    117.535  932.118  0.873905  1735.48  6155.22  0.718048    676.975  2362.23  0.713417    1207.36  3793     0.681686  323.219  2047.78  0.842161   1.0000    1.0000           1.0000
T0582-D2  rbT0582-D2  99     99          732      732           99     99          745      745           3727.92  41363.6  0.909874     1340.77  24196.5  0.944588    2884.26  17167.1  0.83199      748.793  5940.67  0.873955  1129.84  26047.3  0.956624     531.308  18507.8  0.971293  886.531  7539.5   0.882415    130.989  1653.83  0.920797  2795.68  15316.3  0.81747     927.905  5688.64  0.836885    2106.18  9627.64  0.781236  683.662  4286.84  0.840521   1.0000    1.0000           1.0000
T0543-D3  rbT0543-D3  386    386         3136     3136          386    386         3139     3139          26144.5  190193   0.862538     8396.58  102400   0.918002    20177.2  87793.7  0.770174     2387.01  17295.9  0.86199   8456.4   107918   0.92164      3033.54  73206.4  0.958562  6592.55  34711.3  0.810075    595.167  3725.16  0.840231  19487.2  82275.7  0.763148    6109.3   29193.3  0.790729    14566.8  53082.4  0.725581  2180.12  13570.7  0.839351   1.0000    1.0000           1.0000
T0533-D2  rbT0533-D2  91     91          657      657           91     91          676      676           3900.13  38401.9  0.898439     1395.9   23016.9  0.939353    2929.69  15385    0.809575     719.059  5079.11  0.858428  1424.83  24583    0.94204      581.13   17143.6  0.966102  1106.9   7439.39  0.851211    218.488  1354.5   0.838695  2767.51  13819    0.799731    998.536  5873.29  0.829987    1926.47  7945.67  0.757544  598.742  3724.61  0.839247   1.0000    1.0000           1.0000
T0527-D1  rbT0527-D1  99     99          823      823           99     99          823      823           6586.96  45916.7  0.856545     2023.04  25411.3  0.920388    5207.37  20505.4  0.746049     905.498  6395.39  0.858414  2086.11  26791.6  0.922136     759.663  18406    0.958727  1703.63  8385.62  0.796839    174.514  1274.52  0.863075  4988.35  19125    0.739172    1547.74  7005.25  0.77906     3642.41  12119.8  0.699466  833.568  5120.87  0.837221   1.0000    1.0000           1.0000
T0575-D2  rbT0575-D2  127    127         1015     1015          127    127         1030     1030          6635.83  56580.3  0.882718     2176.23  33759.6  0.935537    5245.63  22820.7  0.770137     1153.1   8194.18  0.859278  2286.41  34847.7  0.934389     749.101  25675.1  0.970824  1768     9172.6   0.807252    295.978  1693.23  0.825199  4843.45  21732.6  0.777134    1584.09  8084.46  0.804057    3762.45  13648.1  0.724325  992.896  6500.95  0.847269   1.0000    1.0000           1.0000
T0528-D1  rbT0528-D1  204    204         1553     1553          204    204         1578     1578          11313.6  96520    0.882785     3663.91  54909.3  0.933273    8521.23  41610.7  0.795216     1456.58  8853.14  0.835473  3711.69  57931.6  0.93593      1111.22  40269.3  0.972405  2992.35  17662.3  0.83058     332.318  2013.9   0.834988  8178.26  38588.4  0.788064    2839.37  14640.1  0.806054    5910.3   23948.4  0.753207  1262.53  6839.23  0.815399   1.0000    1.0000           1.0000
T0610-D1  rbT0610-D1  176    176         1408     1408          176    176         1412     1412          11132.4  82329.6  0.864782     3335.82  44244.3  0.924604    8845.12  38085.3  0.767755     1490.62  9025.85  0.83485   3457.33  46837    0.926184     1175.68  32124.7  0.963403  2633.12  14712.3  0.821026    336.774  2219.74  0.848283  8465.35  35492.6  0.76149     2461.95  12119.6  0.796862    6688.77  23373    0.713825  1307.06  6806.11  0.807959   1.0000    1.0000           1.0000
T0632-D1  rbT0632-D1  114    114         861      861           113    113         852      852           8210.79  48386.5  0.830308     3120.92  27898.9  0.888135    6042.17  20487.6  0.705081     1260     6642.3   0.810306  3214.19  30300.6  0.893923     1435.49  20197.5  0.928927  2310.23  10103.2  0.771336    292.2    1546.81  0.811094  5581.54  18085.9  0.691386    2039.65  7701.44  0.73516     3959.99  10384.4  0.61866   1063.92  5095.49  0.791205   0.9912    0.9912           0.9912
T0590-D1  rbT0590-D1  72     72          560      560           72     72          560      560           4776.33  29020    0.835413     1799.96  16850.9  0.893183    3530.09  12169.1  0.709914     865.92   5326.7   0.837438  1904.65  18112.7  0.894844     779.426  12400.9  0.937148  1442.44  5711.78  0.747462    257.489  1346.77  0.808811  3329.42  10907.3  0.694752    1288.73  4449.97  0.710396    2184.39  6457.32  0.66172   782.677  3979.93  0.803344   1.0000    1.0000           1.0000
T0530-D1  rbT0530-D1  80     80          641      641           80     80          650      650           3849.72  35116.9  0.890374     1343.61  19929.2  0.932581    2942.66  15187.7  0.806247     772.253  5353     0.855734  1232.41  21024.9  0.941384     496.207  14590.7  0.965992  951.784  6434.18  0.852074    190.818  1262.08  0.848807  2894.61  14092    0.794592    1014.97  5338.49  0.809878    2037.4   8753.51  0.767248  738.582  4090.92  0.819458   1.0000    1.0000           1.0000
T0636-D1  rbT0636-D1  318    318         2460     2460          318    318         2487     2487          20320.9  147891   0.862595     5898.97  83886.3  0.929679    15922.4  64004.3  0.75123      2599.44  14400.7  0.819492  5955.3   88103.4  0.932405     2026.65  62682.1  0.967668  4622.73  25421.3  0.818155    592.748  3488.07  0.830064  15081.1  59787.3  0.747754    4281.71  21204.2  0.798073    11533.2  38583    0.701081  2227.48  10912.7  0.795881   1.0000    1.0000           1.0000
T0607-D1  rbT0607-D1  469    469         3664     3664          469    469         3673     3673          26006.3  224476   0.884146     8726.13  124552   0.92994     20379.3  99923.5  0.796051     2879.41  20565.6  0.859989  8711.9   131047   0.933521     3162.2   90662.5  0.965121  6716.64  40384.9  0.833684    693.936  4937.28  0.85945   19568.3  93428.1  0.790553    6400.26  33889.4  0.811143    14856.5  59538.7  0.750473  2604.4   15628.3  0.833354   1.0000    1.0000           1.0000
T0531-D1  rbT0531-D1  58     58          591      591           6      6           44       44            28769.4  28794.7  0.000879294  14987.5  15009.2  0.00144738  13778.6  13785.5  0.000499366  4426.71  4486.34  0.013293  14874.2  14877.8  0.000241568  10241.2  10241.2  0         4629.7   4636.59  0.00148484  922.39   922.39   0         13893.7  13916.9  0.00166912  4744.8   4768.03  0.00487161  9148.89  9148.89  0         3245.66  3563.95  0.0893085  0.1034    0.1034           0.1034
T0596-D2  rbT0596-D2  121    121         953      953           121    121         1012     1012          9907.05  53704    0.815525     2932.33  32185.1  0.908892    7319.87  21518.9  0.659841     2031.6   7666.97  0.735019  2929.89  33354.6  0.912159     1068.28  24539    0.956466  2244.61  8815.57  0.745381    398.206  1507.36  0.735826  6996.56  20349.4  0.656179    1998     7646.07  0.73869     5345.55  12703.4  0.579202  1607.46  6159.61  0.739032   1.0000    1.0000           1.0000
T0623-D1  rbT0623-D1  187    187         1507     1507          187    187         1507     1507          11106.5  88710.8  0.874801     3565.85  50500.2  0.929389    8825.83  38210.6  0.769021     1465.54  9968.86  0.852988  3498     52589.3  0.933485     1285.27  37195.1  0.965445  2735.67  15394.2  0.822292    293.966  1956.25  0.849729  8498.54  36121.5  0.764723    2584.16  13305.1  0.805777    6566.8   22816.4  0.712189  1390.64  8012.61  0.826444   1.0000    1.0000           1.0000
T0547-D1  rbT0547-D1  183    183         1490     1490          183    183         1490     1490          14573.4  86084.7  0.830708     4572.07  45624.9  0.89979     11579.1  40459.7  0.713812     1679.64  9449.41  0.822249  4539     48498.6  0.90641      1712.32  32753.1  0.94772   3550.89  15745.5  0.774482    379.969  2403.68  0.841922  11084.2  37586.1  0.705097    3386.38  12871.9  0.736916    8467.95  24714.2  0.657365  1468.3   7045.72  0.791604   1.0000    1.0000           1.0000
T0640-D1  rbT0640-D1  207    207         1591     1591          207    207         1591     1591          10807    93064.9  0.883877     3318.35  53537.7  0.938018    8612.86  39527.3  0.782104     1253.34  10468.4  0.880274  3796.14  56663.7  0.933006     1207.38  40259.1  0.97001   2969.21  16404.6  0.819001    429.825  2292.39  0.812499  7989.53  36401.2  0.780515    2491.44  13278.5  0.81237     6131.93  23122.7  0.734809  1183.22  8176.02  0.855281   1.0000    1.0000           1.0000
T0563-D1  rbT0563-D1  228    228         1830     1830          228    228         1842     1842          14467.2  108976   0.867244     4432.22  59007    0.924887    11342    49969.1  0.773019     1693.52  11024.6  0.846387  4434.1   62442.2  0.928989     1487.97  43547.2  0.965831  3477.25  18895    0.815969    347.078  2476.28  0.859839  11079.8  46533.9  0.761898    3384.44  15459.8  0.781082    8477.62  31074.1  0.727181  1584.77  8548.3   0.814609   1.0000    1.0000           1.0000
T0608-D2  rbT0608-D2  161    161         1251     1251          161    161         1271     1271          9295.3   73063    0.872777     3516.62  40809.4  0.913828    6967.05  32253.6  0.783992     1188.62  8456.78  0.859448  3334.43  43744.5  0.923775     1219.73  29252.4  0.958303  2642.55  14492.2  0.817657    372.504  2132.18  0.825295  6712.97  29318.4  0.771032    2532.73  11557    0.780849    4790.63  17761.5  0.73028   971.828  6324.59  0.846341   1.0000    1.0000           1.0000
T0611-D1  rbT0611-D1  53     53          429      429           53     53          435      435           2488.59  23178.2  0.892632     719.359  13914.1  0.9483      2006.11  9264.11  0.783453     464.576  3835.63  0.878879  580.036  14377.6  0.959657     246.081  10668.6  0.976934  477.276  3709.07  0.871322    89.1624  814.054  0.890471  2071.88  8800.6   0.764575    539.052  3245.55  0.833911    1657.53  5555.04  0.701618  418.704  3021.58  0.861429   1.0000    1.0000           1.0000
T0601-D1  rbT0601-D1  442    442         3316     3316          442    442         3316     3316          25017.3  202253   0.876307     8705.22  116591   0.925335    19020    85662.5  0.777966     2584.63  19559.2  0.867856  8906.01  124067   0.928216     3239.76  84189.4  0.961518  7020.14  39877.9  0.823959    662.375  4581.02  0.855409  17995.4  78185.7  0.769838    6433.4   32401.1  0.801445    12764.1  45784.6  0.721214  2205.65  14978.2  0.852742   1.0000    1.0000           1.0000
T0516-D1  rbT0516-D1  227    227         1847     1847          227    227         1875     1875          16175.8  110955   0.854213     4264.01  61698.7  0.93089     12947.5  49256.5  0.737142     1967.14  11294    0.825823  4164.17  64284.8  0.935223     1427.72  46103.1  0.969032  3211.65  18181.7  0.823358    351.823  2223.25  0.841753  12626.7  46670.5  0.72945     3243.83  15595.6  0.792004    10101.8  31074.9  0.67492   1763.04  9070.72  0.805634   1.0000    1.0000           1.0000
T0599-D1  rbT0599-D1  367    367         2853     2853          367    367         2878     2878          25538.8  173205   0.852551     8163.64  95273.6  0.914314    19888.2  77931.4  0.744799     2991.42  15761.2  0.810204  8666.29  101908   0.914959     2991.88  69135.5  0.956724  6791.27  32772.2  0.792773    693.163  3269.11  0.787966  18357.9  71297.3  0.742516    5894.44  26138.1  0.774488    13848.8  45159.2  0.693334  2646.31  12492.1  0.788162   1.0000    1.0000           1.0000
T0547-D3  rbT0547-D3  79     79          644      644           79     79          644      644           6025.98  36390.6  0.834409     1726.46  20669.6  0.916473    4776.78  15721.1  0.696154     815.054  5098.34  0.840133  1924.69  21682.2  0.911232     634.447  15265.1  0.958438  1506.86  6417.1   0.765181    137.621  937.735  0.853241  4624.34  14708.4  0.685599    1350.85  5404.42  0.750047    3565.29  9303.97  0.6168    806.365  4160.61  0.806191   1.0000    1.0000           1.0000
T0561-D1  rbT0561-D1  151    151         1248     1248          151    151         1254     1254          11187.5  71380.3  0.843269     3117.77  40783.5  0.923553    8873.03  30596.8  0.710002     1343.62  9436.73  0.857618  3237.31  42342.8  0.923545     948.523  30371.2  0.968769  2465.66  11971.6  0.794041    269.639  1801.21  0.850301  8395.22  29037.5  0.710884    2233.91  10412.3  0.785455    6828.31  18625.2  0.633384  1213.11  7635.53  0.841123   1.0000    1.0000           1.0000
T0526-D1  rbT0526-D1  290    290         2292     2292          290    290         2315     2315          22515.9  140465   0.839704     7443.42  74192.4  0.899674    17214.3  66272.3  0.74025      2489.46  11778.9  0.78865   7435.75  79534.3  0.906509     2645.47  52756.3  0.949855  5835     26778    0.782097    500.466  3007.68  0.833604  16562.1  60930.4  0.72818     5394.08  21436.1  0.748365    12045.4  39494.4  0.69501   2063.7   8771.18  0.764718   1.0000    1.0000           1.0000
T0625-D1  rbT0625-D1  221    221         1692     1692          221    221         1708     1708          12157.6  102599   0.881503     3961.4   56031.5  0.9293      9552.02  46567.4  0.794877     2010.17  9963.28  0.798243  3913.62  60165.8  0.934953     1453.49  40241.2  0.963881  3169.6   19924.6  0.84092     469.274  2883.56  0.837259  9078.79  42433    0.786044    2927.99  15790.3  0.81457     6734.88  26642.8  0.747216  1647.5   7079.72  0.767293   1.0000    1.0000           1.0000
T0600-D2  rbT0600-D2  47     47          389      389           47     47          389      389           2891.25  19687.4  0.853143     927.224  10986.5  0.915604    2222.25  8700.91  0.744595     463.403  4031.48  0.885054  968.185  11852    0.91831      346.605  8283.25  0.958156  822.968  3568.73  0.769395    153.01   1016.78  0.849515  2133.97  7835.45  0.727653    730.849  2703.28  0.729644    1531.71  5132.17  0.701548  496.667  3014.69  0.835251   1.0000    1.0000           1.0000
T0628-D2  rbT0628-D2  146    146         1082     1082          146    146         1082     1082          7657.74  63789.3  0.879953     2551.81  38472.4  0.933672    5934.81  25317    0.76558      913.544  7895.64  0.884298  2583.83  40536.9  0.93626      931.333  29831.1  0.96878   2013.28  10705.7  0.811944    265.632  1971.82  0.865286  5597.51  23252.4  0.759272    1793.73  8641.2   0.792422    4194.67  14611.2  0.712915  804.64   5923.81  0.864169   1.0000    1.0000           1.0000
T0537-D1  rbT0537-D1  286    286         2058     2058          286    286         2064     2064          12598.9  129956   0.903053     4639.6   75181.1  0.938288    9236.19  54775    0.831379     1246.35  11183.6  0.888555  4507.01  81035    0.944382     1780.42  55058.6  0.967663  3438.04  25976.3  0.867647    272.973  2464.93  0.889257  8988.66  48921.1  0.816262    3351.84  20122.5  0.833428    6289.7   28798.7  0.781597  1119.48  8718.65  0.871599   1.0000    1.0000           1.0000
T0586-D2  rbT0586-D2  39     39          313      313           39     39          313      313           2017.38  14632.2  0.862128     866.164  10363.1  0.916419    1081.94  4269.08  0.746563     496.047  4048.32  0.877468  852.215  10538.3  0.919132     303.065  8200.72  0.963044  556.324  2337.6   0.76201     130.536  533.872  0.755492  1062.88  4093.91  0.740377    584.333  2162.42  0.729779    529.392  1931.49  0.725915  478.821  3514.45  0.863757   1.0000    1.0000           1.0000
T0580-D1  rbT0580-D1  104    104         789      789           104    104         805      805           4794.65  45893.9  0.895527     1435.19  26675.8  0.946199    3650.62  19218    0.810042     870.773  5832.4   0.850701  1419.09  28553.6  0.950301     550.783  20165.7  0.972687  1068.78  8387.89  0.87258     213.256  1429     0.850766  3582.83  17340.3  0.793381    1061.45  6510.13  0.836954    2712.55  10830.1  0.749537  642.612  4403.4   0.854065   1.0000    1.0000           1.0000
T0523-D1  rbT0523-D1  111    111         868      868           111    111         874      874           4665.25  50831.5  0.908221     1675.71  29007.1  0.942231    3638.63  21824.4  0.833277     661.716  6166.73  0.892696  1681.73  30615.1  0.945069     669.282  21015.4  0.968153  1333.27  9599.65  0.861112    168.753  1255.7   0.865611  3580.18  20216.4  0.822907    1200.9   7991.7   0.849732    2549.63  12224.7  0.791437  563.893  4911.03  0.885178   1.0000    1.0000           1.0000
T0627-D1  rbT0627-D1  244    244         1935     1935          244    244         1974     1974          17627.3  117486   0.849962     5349.32  66909.8  0.920052    13641.2  50575.7  0.730283     2134.6   11689.4  0.81739   5305.22  69301.3  0.923447     1665.6   49414.1  0.966293  4030.15  19887.2  0.79735     501.114  2307.79  0.78286   13218.9  48184.2  0.72566     3981.15  17495.7  0.77245     10188.4  30688.5  0.668004  1933.94  9381.59  0.793858   1.0000    1.0000           1.0000
T0571-D1  rbT0571-D1  165    165         1292     1292          165    165         1304     1304          7748.2   73515.1  0.894604     2812.43  40677.7  0.930861    5812.76  32837.4  0.822983     1021.53  9435.26  0.891733  2740.91  43924.6  0.9376       1156.24  29174.8  0.960369  2121.42  14749.8  0.856173    236.932  2096.51  0.886987  5573.35  29590.5  0.811651    1968.75  11502.9  0.828848    4022.68  18087.6  0.7776    924.021  7338.76  0.87409    1.0000    1.0000           1.0000
T0575-D1  rbT0575-D1  63     63          499      499           63     63          525      525           3834.51  27909.9  0.862611     1132.89  16221.1  0.93016     2859.69  11688.8  0.755349     747.184  4071.56  0.816487  1231.57  16763.2  0.926532     442.122  12259.6  0.963937  853.79   4503.55  0.810419    182.224  1004.28  0.818554  2814.24  11146.7  0.747528    804.358  3961.47  0.796954    2133.72  7185.28  0.703044  683.056  3067.28  0.777309   1.0000    1.0000           1.0000
T0637-D1  rbT0637-D1  135    135         1066     1066          135    135         1066     1066          8129.03  57209.5  0.857908     2761.42  36614.8  0.924582    5995.4   20594.7  0.708886     1354.01  10728.2  0.87379   2714.83  37968.2  0.928497     1029.67  28051.2  0.963293  2140.32  9917.02  0.784178    348.039  1482.09  0.76517   5847.03  19241.3  0.696121    2035.24  8563.62  0.762339    4120.31  10677.7  0.614119  1232.22  9246.09  0.86673    1.0000    1.0000           1.0000
T0581-D1  rbT0581-D1  105    105         808      808           105    105         812      812           5696.81  46653.7  0.877892     2057.06  27477    0.925135    4226.38  19176.7  0.779609     846.895  6296.72  0.865502  2030.61  28812.1  0.929522     763.458  20346.5  0.962477  1542.8   8465.62  0.817757    221.136  1324.03  0.832982  4149.24  17841.6  0.76744     1521.07  7130.52  0.786682    2956.86  10711.1  0.723944  718.727  4972.69  0.855465   1.0000    1.0000           1.0000
T0618-D1  rbT0618-D1  158    158         1266     1266          158    158         1277     1277          9364.27  72707.2  0.871206     2893.39  41517.4  0.930309    7269.74  31189.8  0.766919     1397.84  8918.46  0.843265  2829.87  43199.2  0.934493     1022.96  30833.8  0.966823  2066.44  12365.4  0.832885    350.865  1812.55  0.806425  7127.57  29508    0.758453    2077.77  10683.6  0.805518    5573.2   18824.4  0.703937  1219.38  7105.91  0.828399   1.0000    1.0000           1.0000
T0605-D1  rbT0605-D1  49     49          417      417           49     49          417      417           3193.44  19819.2  0.838871     867.874  13465.3  0.935547    2364.13  6353.9   0.627925     580.883  5211.52  0.888539  981.07   13683.3  0.928301     243.867  10121.4  0.975906  772.32   3561.83  0.783167    96.5442  438.837  0.78      2335.61  6135.92  0.619354    721.532  3343.84  0.784221    1686.49  2792.08  0.395973  575.688  4772.68  0.879379   1.0000    1.0000           1.0000
T0547-D2  rbT0547-D2  265    265         2108     2108          265    265         2108     2108          19599.6  126379   0.844914     6306.61  70107.5  0.910044    15136.7  56271.6  0.731006     2056.73  12200.2  0.831419  6246.69  74295.3  0.915921     2209.59  51355.9  0.956975  4835.96  22939.4  0.789185    485.029  2533.81  0.808577  14590.3  52083.8  0.719869    4618.48  18751.6  0.753702    10983    33332.3  0.670499  1895.05  9666.39  0.803954   1.0000    1.0000           1.0000
T0615-D1  rbT0615-D1  174    174         1404     1404          174    174         1404     1404          14148.3  83875    0.831317     4303.07  46820.5  0.908094    11194.9  37054.5  0.697879     1854.25  9028.02  0.794611  4486.07  49045.2  0.908532     1533.78  34553.6  0.955611  3421.69  14491.6  0.763885    403.728  1784.99  0.77382   10829.5  34829.8  0.689075    3270.03  12266.9  0.733426    8427.51  22562.9  0.626489  1764.88  7243.03  0.756334   1.0000    1.0000           1.0000
T0611-D2  rbT0611-D2  149    149         1251     1251          149    149         1272     1272          10834.9  70219.9  0.845701     3020.65  40411.1  0.925252    8482.14  29808.8  0.715449     1553.68  9146.73  0.830138  3288.99  41591.4  0.920921     1034.56  30036.7  0.965557  2607.61  11554.7  0.774325    348.495  1403.52  0.751699  8069.14  28628.5  0.718143    2246.74  10374.4  0.783435    6209.87  18254.1  0.659809  1387.95  7743.21  0.820753   1.0000    1.0000           1.0000
T0589-D3  rbT0589-D3  94     94          678      678           94     94          729      729           6277.06  39233.7  0.840008     2203.9   24275.8  0.909214    4396.98  14957.9  0.706044     1221.5   5565.18  0.78051   2233.22  25441.8  0.912222     837.096  18625.9  0.955057  1658.39  6815.91  0.756689    305.465  1495.86  0.795793  4222.83  13792    0.69382     1573.59  5649.95  0.721486    2828.02  8142.02  0.652664  1004.45  4069.32  0.753165   1.0000    1.0000           1.0000
T0521-D1  rbT0521-D1  98     98          794      794           98     98          797      797           6159.92  44156.7  0.860499     1773.29  25545.1  0.930582    4864.08  18611.6  0.738654     857.116  6514.85  0.868437  1901.29  26315    0.927749     647.231  19127.2  0.966162  1410.97  7187.74  0.803697    220.377  1444.47  0.847433  4816     17841.8  0.730072    1301.83  6417.9   0.797156    3796.68  11423.9  0.667654  867.752  5070.38  0.828859   1.0000    1.0000           1.0000
T0620-D1  rbT0620-D1  281    281         2279     2279          281    281         2293     2293          21377.5  137078   0.844049     7279.79  72352.9  0.899385    16193.2  64724.9  0.749816     2017.81  12857.4  0.843062  7633.78  77034    0.900904     2687.73  51213.9  0.94752   5883.65  25820.1  0.772129    549.22   2867.57  0.808472  15443.3  60043.8  0.7428      5415.53  21139    0.743814    11154.8  38904.8  0.713279  1886.96  9989.8   0.811111   1.0000    1.0000           1.0000
T0629-D2  rbT0629-D2  159    159         1116     1116          159    159         1116     1116          4776.15  45713    0.895519     2280.01  32899.6  0.930698    3015.05  12813.4  0.764696     1063.56  18698.7  0.943121  2339.82  34096.8  0.931377     969.87   25389.5  0.9618    1677.41  8707.34  0.807357    612.079  6660.51  0.908103  3013.92  11616.3  0.740543    1702.45  7510.16  0.773314    1464.07  4106.1   0.643441  810.351  12038.1  0.932685   1.0000    1.0000           1.0000
T0566-D1  rbT0566-D1  143    143         1181     1181          143    143         1200     1200          9496.88  67649.7  0.859617     2995.44  37147.8  0.919364    7371.79  30502    0.758318     1572.37  8499.84  0.815012  2965.38  38971.9  0.92391      1031.68  27374.1  0.962312  2313.57  11597.8  0.800517    350.314  1714.1   0.795628  7077     28677.8  0.753224    2176.06  9773.66  0.777355    5407.82  18904.2  0.713935  1364.85  6785.74  0.798864   1.0000    1.0000           1.0000
T0553-D1  rbT0553-D1  63     63          498      498           63     63          498      498           4850.42  27433.4  0.823193     1637.59  16640    0.901587    3546.09  10793.4  0.671457     890.134  4411.7   0.798234  1761.06  17204.4  0.897639     618.894  12554.1  0.950702  1319.9   4650.33  0.71617     225.517  1062.58  0.787766  3389.59  10229    0.668629    1146.59  4085.93  0.719381    2381.88  6143.04  0.612263  745.225  3349.12  0.777487   1.0000    1.0000           1.0000
T0613-D1  rbT0613-D1  275    275         2197     2197          275    275         2201     2201          15547    127976   0.878516     5001.39  70464.4  0.929022    12036.4  57511.5  0.790714     1932.14  14389    0.865722  5020.85  74576.9  0.932676     1889.13  51110.1  0.963038  3892.31  23466.8  0.834135    481.145  3191.46  0.84924   11446.7  53398.9  0.785638    3543.64  19354.2  0.816906    8623.39  34044.7  0.746704  1750.19  11197.6  0.843699   1.0000    1.0000           1.0000
T0560-D1  rbT0560-D1  64     64          493      493           64     64          493      493           4267.21  27517.9  0.84493      1545.77  16953.8  0.908825    3105.22  10564.1  0.70606      532.288  4353.12  0.877723  1403.25  17540.3  0.919999     467.873  12911.6  0.963763  1128.17  4628.7   0.756266    160.059  993.895  0.838958  3203.1   9977.61  0.678971    1184.31  4042.18  0.707012    2165.46  5935.42  0.635163  518.448  3359.23  0.845665   1.0000    1.0000           1.0000
T0540-D1  rbT0540-D1  90     90          716      716           90     90          716      716           4702.5   40065.9  0.882631     1457.47  22040.5  0.933873    3883.22  18025.4  0.784569     633.395  5503.58  0.884912  1340.44  23320.7  0.942522     540.784  16083.5  0.966377  1094.09  7237.17  0.848823    165.433  1541.42  0.892675  3785.53  16745.2  0.773933    1135.56  5956.98  0.809374    2930.25  10788.2  0.728384  545.365  3962.16  0.862357   1.0000    1.0000           1.0000
T0515-D1  rbT0515-D1  348    348         2748     2748          348    348         2769     2769          23408.2  164977   0.858113     7704.26  91779.4  0.916057    17927.3  73198.1  0.755085     2786.48  16438.2  0.830488  7611.69  96891.3  0.921441     2798.51  67159.9  0.958331  5894.14  29731.4  0.801754    713.226  3736.15  0.809101  17242.3  68086.2  0.746758    5627.25  24619.5  0.771431    12789.9  43466.7  0.705754  2398.26  12702    0.811191   1.0000    1.0000           1.0000
T0614-D1  rbT0614-D1  71     71          566      566           71     71          566      566           3987.81  31312.1  0.872643     1232.33  17260.9  0.928606    3200.17  14051.2  0.77225      648.372  4449.11  0.854269  1294.2   18329.8  0.929394     484.176  12651.7  0.96173   991.285  5678.08  0.825419    148.352  1102.17  0.8654    3037.99  12982.3  0.765991    824.207  4609.21  0.821183    2375.94  8373.13  0.716242  579.534  3346.94  0.826847   1.0000    1.0000           1.0000
T0557-D1  rbT0557-D1  120    120         919      919           120    120         919      919           7847.63  52783.1  0.851323     2738.87  30483.9  0.910154    5788.13  22299.2  0.740433     1071.96  6897.76  0.844593  2812.83  32120.7  0.912429     999.429  22467.6  0.955517  2190.77  9653.04  0.773049    312.07   1758.14  0.8225    5478.56  20662.4  0.734854    2006.67  8016.31  0.749677    3821.9   12646.1  0.697781  960.556  5139.62  0.813107   1.0000    1.0000           1.0000
T0589-D2  rbT0589-D2  82     82          644      644           82     82          648      648           3502.09  35481.3  0.901298     1153.95  22064.3  0.947701    2652.05  13417    0.802337     636.895  5810.79  0.890394  1240.6   22611.8  0.945135     419.639  17025    0.975352  909.308  5586.74  0.837238    185.717  1114.04  0.833294  2525.15  12869.6  0.803789    880.79   5039.3   0.825216    1864.67  7830.27  0.761864  604.441  4696.75  0.871307   1.0000    1.0000           1.0000
T0574-D1  rbT0574-D1  102    102         749      749           102    102         759      759           5464.57  41492.4  0.868299     1737.08  24507.4  0.92912     4022.14  16985    0.763194     993.204  6589.43  0.849273  1846.38  26384.1  0.930019     666.325  18019.8  0.963023  1407.75  8364.31  0.831696    259.71   1776.32  0.853793  3884.65  15108.3  0.74288     1298.79  6487.64  0.799806    2725.25  8620.67  0.68387   807.97   4813.12  0.832132   1.0000    1.0000           1.0000
T0552-D1  rbT0552-D1  73     73          599      599           73     73          599      599           4784.12  31254.6  0.846931     1546.52  16667.8  0.907215    3667.94  14586.9  0.748545     643.793  4950.44  0.869952  1637.2   17964.6  0.908865     552.742  12222.2  0.954775  1309.75  5742.46  0.771918    218.578  1337.74  0.836607  3596.44  13290    0.729388    1233.22  4445.61  0.722599    2544.76  8844.42  0.712275  613.923  3612.7   0.830065   1.0000    1.0000           1.0000
T0602-D1  rbT0602-D1  55     55          437      437           55     55          437      437           3912.63  23248.7  0.831706     1470.68  15087    0.90252     2606     8161.74  0.680705     585.258  4399.28  0.866965  1425.54  15450.6  0.907736     490.791  11455.1  0.957155  1116.12  3995.53  0.720657    160.597  567.898  0.717208  2551.17  7798.11  0.672848    1134.72  3631.89  0.687569    1622.81  4166.21  0.610483  517.852  3831.38  0.864839   1.0000    1.0000           1.0000
T0544-D1  rbT0544-D1  135    135         1085     1085          135    135         1085     1085          9905.39  63933.9  0.845068     2814.88  36145.1  0.922123    7944.22  27788.8  0.714121     1194.23  7505.03  0.840876  3016.25  37309    0.919155     1016.54  26656.3  0.961865  2289.5   10652.7  0.785079    278.85   1745.14  0.840214  7561.63  26624.9  0.715994    2136.67  9488.8   0.774822    6005.06  17136.1  0.649566  1117.72  5759.89  0.805948   1.0000    1.0000           1.0000
T0538-D1  rbT0538-D1  53     53          434      434           53     53          434      434           3658.19  23560.8  0.844735     1106.33  14165.8  0.921902    2689.31  9395.02  0.713751     601.496  3988.72  0.849201  1048.11  14726.8  0.92883      404.095  10593.6  0.961855  815.408  4133.16  0.802716    135.682  687.604  0.802674  2745.34  8834.08  0.689233    894.534  3572.21  0.749585    1959.53  5261.87  0.627599  545.4    3301.12  0.834783   1.0000    1.0000           1.0000
T0529-D2  rbT0529-D2  193    193         1523     1523          193    193         1523     1523          11897    89660.1  0.867309     3740.14  50144.3  0.925412    9465.01  39515.8  0.760475     1412.34  10024.5  0.85911   3666.51  52709.9  0.93044      1416.24  37471.1  0.962204  2809.56  15238.8  0.815631    364.55   2499.82  0.854169  9075.47  36950.2  0.754387    2712.97  12673.2  0.785929    7034.48  24277    0.710241  1247.91  7524.64  0.834157   1.0000    1.0000           1.0000
T0532-D1  rbT0532-D1  470    470         3739     3739          470    470         3755     3755          31125.1  235922   0.86807      9294.84  127971   0.927367    24670.9  107951   0.771463     2764.92  18296.8  0.848885  9800.37  134271   0.927011     3222.95  92296    0.96508   7662.44  41975    0.817452    637.38   4434.58  0.85627   23545.5  101651   0.76837     7007.75  35674.7  0.803565    18131.9  65976.4  0.725176  2366.26  13862.2  0.829302   1.0000    1.0000           1.0000
T0586-D1  rbT0586-D1  80     80          640      640           80     80          640      640           4689.01  36057.9  0.869959     1404.59  20871.5  0.932703    3797.41  15186.4  0.749947     591.629  5361.91  0.889661  1403.66  21771.4  0.935527     525.971  15765.4  0.966638  1129.79  6005.95  0.811889    178.027  1290.94  0.862096  3593.22  14286.5  0.748489    1030.93  5106.07  0.798097    2838.73  9180.48  0.690787  574.892  4070.97  0.858782   1.0000    1.0000           1.0000
T0548-D2  rbT0548-D2  60     60          491      491           60     60          491      491           3067.1   25302    0.87878      1150.36  15599.3  0.926256    2284.26  9702.7   0.764575     564.633  4967.28  0.88633   1234.27  16025.6  0.922981     518.141  11823.9  0.956179  926.172  4201.67  0.77957     143.258  928.873  0.845772  2091.52  9276.37  0.774532    751.262  3775.34  0.801008    1430.95  5501.03  0.739875  519.833  4038.41  0.871278   1.0000    1.0000           1.0000
T0547-D4  rbT0547-D4  56     56          459      459           56     56          459      459           3039.35  23291.5  0.869508     1039.69  14437.7  0.927988    2287.54  8853.83  0.741633     489.272  4786.54  0.897782  1138.69  14844    0.92329      394.65   10833.8  0.963572  853.259  4010.18  0.787226    129.984  833.956  0.844136  2242.93  8447.51  0.734486    771.853  3603.86  0.785826    1631.29  4843.65  0.663212  476.679  3952.58  0.879401   1.0000    1.0000           1.0000
T0518-D1  rbT0518-D1  256    256         2032     2032          256    256         2031     2031          13844    123845   0.888215     4454.32  66854.1  0.933373    10988.4  56990.5  0.807188     1310.75  11604.3  0.887046  4265.27  71002.8  0.939928     1522     47931.9  0.968247  3437.63  23070.9  0.850997    361.678  2842.27  0.87275   10640.8  52841.7  0.798629    3329.02  18922.1  0.824068    8105.9   33919.6  0.761026  1252.81  8761.99  0.857018   1.0000    1.0000           1.0000
T0593-D1  rbT0593-D1  195    195         1559     1559          195    195         1559     1559          13752.2  91428.7  0.849585     3956.08  50331.7  0.9214      11094.9  41097    0.730031     1444.84  9996.49  0.855465  4171.34  53349.2  0.921811     1356.99  37008.1  0.963332  3353.03  16341.1  0.794811    346.994  2313.79  0.850032  10390.2  38079.5  0.727144    3021.43  13323.6  0.773228    8107.98  24755.9  0.672482  1354.97  7682.7   0.823633   1.0000    1.0000           1.0000
T0559-D1  rbT0559-D1  67     67          523      523           67     67          523      523           4169.6   28829.4  0.85537      1253.9   17404.6  0.927956    3129.95  11424.8  0.72604      679.122  4601.88  0.852425  1323.43  18135.4  0.927025     477.922  13033.4  0.963331  1006.18  5102     0.802787    201.865  1038.62  0.805642  3153.73  10694    0.705094    999.585  4371.18  0.771323    2287.97  6322.84  0.638142  584.839  3563.25  0.835869   1.0000    1.0000           1.0000
T0517-D1  rbT0517-D1  159    159         1246     1246          159    159         1268     1268          7792.03  72629.4  0.892715     2655.36  42388.2  0.937356    5988.97  30241.3  0.80196      1308.46  9040.99  0.855274  2588.88  44388    0.941676     961.241  31513.7  0.969498  2082.6   12874.3  0.838236    341.561  1567.99  0.782167  5824.85  28241.4  0.793748    2021.82  10874.5  0.814077    4196     17366.9  0.758392  1149.96  7473     0.846118   1.0000    1.0000           1.0000
T0612-D1  rbT0612-D1  106    106         816      816           106    106         823      823           5794.6   44913.2  0.870982     2223.95  24940.6  0.91083     4223.59  19972.7  0.788531     842.345  6776.76  0.875701  2293.08  26992.2  0.915047     925.41   18233.1  0.949246  1663.36  8759.04  0.810098    186.47   1859.01  0.899694  4037.81  17921.1  0.774689    1473.44  6707.46  0.780328    2819.62  11213.6  0.748553  716.921  4917.75  0.854217   1.0000    1.0000           1.0000
T0573-D1  rbT0573-D1  254    254         1998     1998          254    254         2000     2000          12667.4  121044   0.895349     4217.26  66676.4  0.93675     10118.7  54367.3  0.813883     1515.2   11938.5  0.873084  4089.58  70058.8  0.941626     1647.22  49746.7  0.966888  3266.89  20312.1  0.839165    334.582  3224.02  0.896222  9589.91  50985    0.811907    3001.98  16929.7  0.82268     7366.3   34055.3  0.783696  1358.42  8714.53  0.84412    1.0000    1.0000           1.0000
T0550-D2  rbT0550-D2  162    162         1319     1319          162    162         1321     1321          9624.18  75319.1  0.872221     3030.72  39976.2  0.924187    7790.54  35343    0.779573     1167.89  9373.92  0.875411  3293.6   42957.3  0.923328     1230.7   29059.7  0.957649  2524.58  13897.6  0.818343    273.461  2058.7   0.867168  7231.94  32361.8  0.776529    2195.38  10916.4  0.798892    5620.43  21445.4  0.737919  1064.32  7315.22  0.854507   1.0000    1.0000           1.0000
T0604-D3  rbT0604-D3  205    205         1531     1531          205    205         1549     1549          12371.7  93255.9  0.867336     4447.71  54159.5  0.917878    9433.41  39096.4  0.758714     1313.09  9590.73  0.863088  4479.05  57170.6  0.921655     1752.06  39182.8  0.955285  3479.55  17987.8  0.80656     379.363  2423.87  0.843489  8873.4   36085.3  0.754099    3200.54  14976.7  0.786299    6479.72  21108.6  0.693029  1100.09  7166.86  0.846503   1.0000    1.0000           1.0000
T0534-D1  rbT0534-D1  178    178         1402     1402          178    178         1407     1407          9948.45  84551.8  0.882339     3080.07  47741    0.935484    7753.49  36810.9  0.78937      1041.86  9118.72  0.885745  3082.39  50016.3  0.938372     938.127  34640.7  0.972918  2410.47  15375.7  0.843228    237.757  1972.48  0.879463  7573.35  34535.5  0.780708    2419.26  13100.3  0.815328    5832.83  21435.2  0.727885  946.896  7146.24  0.867497   1.0000    1.0000           1.0000
T0555-D1  rbT0555-D1  134    134         1086     1086          134    134         1086     1086          8977.57  60281.6  0.851073     2751.36  35618.6  0.922755    6682.22  24663    0.729059     1599.31  8842.1   0.819126  2708.41  37147.2  0.92709      902.99   26976.7  0.966527  2105.35  10170.5  0.792994    379.461  1677.05  0.773733  6514.34  23134.4  0.718414    2041.03  8641.86  0.76382     4814.51  14492.6  0.667794  1425.68  7165.05  0.801024   1.0000    1.0000           1.0000
T0567-D1  rbT0567-D1  135    135         1011     1011          135    135         1083     1083          11449.1  59671.2  0.808131     3941.15  36221    0.891192    8373.76  23450.2  0.642913     1758.97  7184.64  0.755176  4015.65  37666.1  0.893388     1527.99  27082.6  0.94358   3033.55  10583.5  0.713369    406.495  1601.52  0.746181  8003.08  22005.1  0.636309    2741     9138.44  0.700058    5651.23  12866.7  0.560787  1519.14  5583.12  0.727905   1.0000    1.0000           1.0000
T0609-D1  rbT0609-D1  335    335         2695     2695          335    335         2700     2700          20402.3  162376   0.874351     5925.45  85613.4  0.930788    16679.5  76762.1  0.782711     2060.61  14988.4  0.86252   5910.6   91708.6  0.93555      2201.1   61431.5  0.96417   4754.35  30277.1  0.842972    482.803  3251.01  0.851491  16010.8  70666.9  0.773433    4392.25  24181.9  0.818366    12449.1  46485    0.732191  1907.82  11737.4  0.837458   1.0000    1.0000           1.0000
T0606-D1  rbT0606-D1  120    120         933      933           120    120         943      943           6685.4   54033.4  0.876273     2298.05  30718.4  0.92519     5099.46  23315.1  0.78128      892.723  6609.59  0.864935  2437.9   32778.8  0.925626     880.944  22620.4  0.961055  1963.72  10158.4  0.806689    230.267  1460.08  0.842292  4653.39  21254.6  0.781064    1654.76  8097.94  0.795657    3387.8   13156.7  0.742503  825.857  5149.51  0.839624   1.0000    1.0000           1.0000
T0608-D1  rbT0608-D1  89     89          739      739           89     89          740      740           6012.96  42041.5  0.856976     1888.72  23796.8  0.920631    4686.93  18244.7  0.743108     694.126  5644.86  0.877034  1940.27  24679.9  0.921383     535.183  17747.6  0.969845  1533.15  6932.32  0.77884     185.828  1222.34  0.847973  4350.66  17361.6  0.749409    1449.73  6049.19  0.760343    3310.59  11312.4  0.707349  574.2    4422.52  0.870165   1.0000    1.0000           1.0000
T0621-D1  rbT0621-D1  169    169         1358     1358          169    169         1358     1358          8027.51  76609.2  0.895215     2859.98  42414.6  0.932571    6323.49  34194.6  0.815074     1128.91  9918.07  0.886176  2642.32  45030.1  0.941321     1179.36  31513.1  0.962576  2113.59  13517    0.843635    285.979  2294.83  0.875382  6098.58  31579.2  0.80688     2017.77  10901.5  0.814909    4534.84  20677.6  0.780688  982.958  7623.23  0.871058   1.0000    1.0000           1.0000
T0603-D1  rbT0603-D1  260    260         1981     1981          260    260         1989     1989          14224    118094   0.879553     4664.5   69244.9  0.932638    11114.6  48849    0.772471     1834.51  13282.3  0.861883  4977.31  72448.2  0.931298     1671.79  52080.1  0.9679    3824.84  20368    0.812214    508.137  3355.61  0.848571  10331.7  45645.7  0.773653    3285.49  17164.7  0.80859     7848.07  28480.9  0.724445  1607.82  9926.65  0.83803    1.0000    1.0000           1.0000
T0597-D1  rbT0597-D1  359    359         2835     2835          359    359         2941     2941          23563.9  170727   0.861979     7287.77  94296.1  0.922714    18156.4  76430.5  0.762446     3651.52  16933.2  0.784357  7366.14  98629.5  0.925315     2624.41  68884.7  0.961901  5714.19  29744.8  0.807893    858.53   4272.99  0.79908   17408.2  72097.2  0.758545    5370.02  25411.4  0.788677    13138.4  46685.7  0.718577  3123.68  12660.2  0.753268   1.0000    1.0000           1.0000
T0521-D2  rbT0521-D2  70     70          583      583           70     70          586      586           3697.21  30916    0.880411     1008.07  18411.3  0.945247    3031.84  12504.8  0.757546     747.253  5283.79  0.858576  1052     18947.2  0.944477     387.491  13930.8  0.972185  819.539  5016.37  0.836627    141.09   1062.98  0.867269  2891.06  11968.8  0.758451    787.994  4480.44  0.824126    2284.83  7488.41  0.694884  720.686  4220.81  0.829254   1.0000    1.0000           1.0000
T0570-D1  rbT0570-D1  233    233         1873     1873          233    233         1887     1887          15159.4  114288   0.867358     4673.81  61726.9  0.924282    12061.6  52561.4  0.770524     1688.24  10644.4  0.841396  4891.56  65395.7  0.925201     1690.69  44964    0.962399  3820.9   20431.7  0.812992    324.522  2242.51  0.855286  11422.7  48892.6  0.766372    3410.3   16762.9  0.796557    8840.57  32129.6  0.724847  1610.85  8401.86  0.808275   1.0000    1.0000           1.0000
T0550-D1  rbT0550-D1  143    143         1138     1138          143    143         1157     1157          9253.07  63610.7  0.854536     3146.94  35446.2  0.911219    7048.74  28164.6  0.74973      1554.72  8417.14  0.815291  3287.52  37556.4  0.912465     1292.95  25806.8  0.949899  2520.3   11749.6  0.785499    365.71   1970.15  0.814375  6589.67  26054.3  0.74708     2108.52  9639.39  0.78126     4869.54  16414.9  0.703347  1320.99  6446.99  0.795099   1.0000    1.0000           1.0000
T0588-D1  rbT0588-D1  381    381         3028     3028          381    381         3033     3033          22656.3  187684   0.879285     6749.3   104622   0.935489    18275.9  83062.2  0.779973     2506.45  16595.8  0.84897   6777.17  108779   0.937698     2353.07  76703.1  0.969322  5212.63  32075.7  0.83749     507.263  3623.75  0.860017  17836.3  78905.2  0.773952    5056.19  27918.8  0.818897    13970.2  50986.4  0.726002  2300.55  12972    0.822653   1.0000    1.0000           1.0000
T0529-D1  rbT0529-D1  322    322         2507     2507          322    322         2507     2507          18482.9  151933   0.878348     6049.4   87025.9  0.930487    14253.3  64906.8  0.780404     2061.98  15184.4  0.864204  6103.76  91109.3  0.933006     2146.5   63851.4  0.966383  4748.96  27257.9  0.825777    525.111  3158.11  0.833726  13604.2  60823.3  0.776332    4479.34  23174.4  0.806712    10325.9  37648.9  0.725733  1890.86  12026.3  0.842772   1.0000    1.0000           1.0000
T0626-D1  rbT0626-D1  282    282         2275     2275          282    282         2282     2282          17383.2  133284   0.869577     5269.16  73409.4  0.928222    14035.9  59874.3  0.765577     2375.74  14286.4  0.833706  5155.5   77108.8  0.93314      1814.78  53886.5  0.966322  4151.71  23222.3  0.821219    584.942  2986.42  0.804133  13512.5  56174.9  0.759457    3998.17  19522.9  0.795206    10476.6  36652    0.714159  2141.76  11300    0.810464   1.0000    1.0000           1.0000
T0551-D1  rbT0551-D1  63     63          510      510           63     63          510      510           3542.75  27475.6  0.871059     1104.02  15587.6  0.929173    2670.38  11888    0.775372     458.484  4631.66  0.901011  1193.05  16473.6  0.927578     469.006  11494.5  0.959197  906.4    4979.1   0.817959    115.715  1072.21  0.892077  2542.56  11002.1  0.768901    767.132  4093.16  0.812582    1818.92  6908.9   0.736728  391.546  3559.45  0.889998   1.0000    1.0000           1.0000
T0635-D1  rbT0635-D1  161    161         1242     1242          161    161         1242     1242          8172.56  74891.6  0.890875     2804.94  43098.4  0.934918    6346.41  31793.2  0.800384     921.77   7968.59  0.884325  2836.53  45471.9  0.93762      995.526  31874.1  0.968767  2251.39  13597.8  0.83443     221.656  1819.43  0.878173  5945.15  29419.7  0.797919    2087.1   11224.3  0.814055    4433.36  18195.4  0.756347  845.594  6149.15  0.862486   1.0000    1.0000           1.0000
T0542-D1  rbT0542-D1  301    301         2284     2284          301    301         2284     2284          19493.2  139171   0.859933     6554.67  78720.7  0.916735    14663.4  60450    0.757429     1903.26  12847.3  0.851855  6528.3   83687.6  0.921992     2372.81  57982.4  0.959077  5017.39  25705.2  0.804811    564.044  3316.74  0.82994   14340.3  55483.2  0.741539    4789.35  20738.4  0.769058    10506    34744.8  0.697624  1584.48  9530.55  0.833747   1.0000    1.0000           1.0000
T0628-D1  rbT0628-D1  144    144         1097     1097          144    144         1097     1097          8284.75  64124.3  0.870802     2701.12  36953.5  0.926905    6137.56  27170.8  0.774112     919.593  7734.35  0.881103  2778.43  39094.4  0.92893      972.43   27698.7  0.964893  2121.84  11395.6  0.813802    283.235  2083.87  0.864082  5954.08  25029.9  0.762122    1923.5   9254.71  0.79216     4283.63  15775.2  0.728458  812.847  5650.48  0.856145   1.0000    1.0000           1.0000
T0558-D1  rbT0558-D1  272    272         2093     2093          272    272         2118     2118          13018    128039   0.898328     4464.35  69062    0.935357    10103.9  58977.1  0.828682     1766.67  11723.1  0.8493    4589.16  74154.7  0.938114     1804.4   49632.4  0.963645  3440.58  24522.3  0.859696    408.002  3423.16  0.880811  9451.99  53884.4  0.824588    3175.01  19429.6  0.836589    7115.45  34454.8  0.793484  1468.39  8299.92  0.823084   1.0000    1.0000           1.0000
T0545-D1  rbT0545-D1  131    131         1058     1058          131    131         1058     1058          9536.63  61119.8  0.843968     3059.27  34458.6  0.911219    7152.36  26661.3  0.731732     1440.2   7700.88  0.812983  3103.55  36059.4  0.913932     1096.02  25346.9  0.956759  2365.53  10712.5  0.779182    369.277  1799.46  0.794785  6928.46  25060.4  0.72353     2186.17  9111.68  0.760069    5107.83  15948.7  0.679735  1236.03  5901.42  0.790554   1.0000    1.0000           1.0000
T0542-D2  rbT0542-D2  265    265         2020     2020          265    265         2020     2020          17532.9  120639   0.854666     6074.69  71388.2  0.914906    13129.2  49250.7  0.73342      2202.41  13273.9  0.83408   5956.64  74452.5  0.919994     2192.98  53255.7  0.958822  4578.4   21196.8  0.784005    524.958  3194.69  0.835678  12722.7  46186.3  0.724536    4555.48  18132.5  0.748767    9142.26  28053.8  0.674117  1925.7   10079.2  0.808942   1.0000    1.0000           1.0000
T0562-D1  rbT0562-D1  123    123         969      969           123    123         969      969           11220.1  56206.7  0.800378     3884.92  31826.4  0.877934    8454.98  24380.3  0.653204     1136.37  7012.94  0.837961  3898.27  33477.5  0.883555     1477.23  22720.7  0.934983  2843.43  10756.8  0.735662    298.013  1804.13  0.834816  8017.42  22729.2  0.647264    2694.4   9105.76  0.704099    6065.39  13623.5  0.554783  1133.4   5208.81  0.782407   1.0000    1.0000           1.0000
T0579-D2  rbT0579-D2  64     64          489      489           64     64          489      489           3919.26  27068.4  0.855209     1343.49  15356    0.91251     2856.74  11712.4  0.756094     562.749  4119.2   0.863384  1534.35  16412.8  0.906515     531.988  11375.7  0.953235  1096.06  5037.11  0.782402    152.378  1217.18  0.874811  2777.33  10655.6  0.739355    952.007  3980.28  0.760819    1984.11  6675.34  0.702769  570.693  2902.03  0.803347   1.0000    1.0000           1.0000
T0592-D1  rbT0592-D1  137    137         1085     1085          137    137         1085     1085          7978.92  59613.8  0.866156     2708.71  35138.3  0.922913    6115.73  24475.5  0.750129     1213.74  9012.51  0.865327  2794.63  37007.6  0.924485     946.809  26282.8  0.963976  2166.97  10724.8  0.797947    280.054  1768.11  0.841608  5809.31  22606.2  0.743021    2044.82  8855.49  0.76909     4369.03  13750.7  0.682269  1107     7244.4   0.847192   1.0000    1.0000           1.0000
T0537-D2  rbT0537-D2  31     31          254      254           31     31          253      253           1984.16  12758    0.844477     596.754  7973.23  0.925155    1566.56  4784.79  0.672596     372.335  2797.8   0.866919  583.273  8198.15  0.928853     170.594  5950.72  0.971332  480.025  2247.43  0.786411    127.895  601.911  0.787518  1602.7   4559.87  0.64852     461.808  2022.51  0.771666    1191.47  2537.36  0.53043   281.286  2195.89  0.871903   1.0000    1.0000           1.0000
T0619-D1  rbT0619-D1  101    101         843      843           101    101         843      843           7301.05  48050.5  0.848055     2126.12  26959.7  0.921137    5542.66  21090.9  0.737201     849.071  5977.75  0.857961  2272.77  27957.4  0.918706     720.465  19903.2  0.963801  1740.69  8054.27  0.78388     240.343  1045.93  0.770211  5419.39  20093.1  0.730286    1560.42  7056.48  0.778868    4140.4   13036.6  0.682401  783.397  4931.82  0.841154   1.0000    1.0000           1.0000
T0629-D1  rbT0629-D1  57     57          436      436           57     57          435      435           2308.4   24162.9  0.904465     924.945  14043    0.934135    1650.04  10120    0.836952     362.068  3845.74  0.905852  964.17   14844.8  0.93505      369.121  10184    0.963755  771.53   4660.79  0.834464    91.7738  1111.84  0.917458  1540.02  9318.08  0.834728    646.45   3858.9   0.832478    970.573  5459.18  0.822213  292.836  2733.9   0.892887   1.0000    1.0000           1.0000
T0568-D1  rbT0568-D1  120    120         944      944           120    120         951      951           7568.3   54035.6  0.859939     2327.91  29162.2  0.920174    6106.33  24873.4  0.754504     971.844  6809.32  0.857277  2372.09  31437.3  0.924546     896.647  20872.5  0.957042  1912.38  10564.8  0.818987    283.138  1861.09  0.847864  5785.03  22598.3  0.744006    1735.96  8289.67  0.790588    4435     14308.6  0.690046  836.588  4948.24  0.830932   1.0000    1.0000           1.0000
T0572-D1  rbT0572-D1  86     86          644      644           86     86          644      644           4633.07  32605.7  0.857906     1725.68  19551.4  0.911736    3530.72  13054.4  0.729537     903.984  6095.68  0.851701  2128.78  21204.1  0.899605     806.995  14000.9  0.942361  1647.2   7203.13  0.771321    288.976  1338.78  0.78415   3211.96  11401.7  0.71829     1220.62  5550.44  0.780086    2092.89  5851.24  0.642316  780.519  4756.89  0.835918   1.0000    1.0000           1.0000
T0616-D1  rbT0616-D1  97     97          804      804           97     97          807      807           5815.08  40990.7  0.858137     1824.61  24973.4  0.926938    4521.85  16017.3  0.717691     964.999  8357.94  0.884541  1908.28  25731.8  0.92584      756.058  18567.6  0.959281  1396.35  7164.2   0.805093    243.676  1540.96  0.841868  4457.2   15258.9  0.707896    1296.11  6405.77  0.797666    3441.62  8853.15  0.611254  940.715  6816.99  0.862004   1.0000    1.0000           1.0000
T0553-D2  rbT0553-D2  71     71          583      583           71     71          583      583           4613.67  31914.7  0.855437     1383.86  18993.2  0.927139    3689.13  12921.5  0.714496     894.424  4989.11  0.820725  1401.83  19496.3  0.928098     505.88   14378.1  0.964816  1073.65  5118.27  0.790232    151.053  968.049  0.843961  3540.52  12418.3  0.714895    1037     4615.11  0.775304    2759.56  7803.21  0.646356  849.118  4021.06  0.788832   1.0000    1.0000           1.0000
T0643-D1  rbT0643-D1  73     73          591      591           73     73          591      591           4917.13  32606.9  0.8492       1470.27  18975.4  0.922517    3678.13  13631.5  0.730175     604.628  4918.84  0.877079  1567.01  19607.2  0.92008      486.277  14183.8  0.965716  1186.51  5423.41  0.781224    200.822  1006.8   0.800533  3554.21  12999.7  0.726592    1119.35  4791.55  0.766391    2591.38  8208.13  0.684291  553.917  3912.05  0.858407   1.0000    1.0000           1.0000
T0600-D1  rbT0600-D1  59     59          484      484           59     59          484      484           4143.89  25376.8  0.836706     1288.47  15178.8  0.915114    3229.41  10198    0.68333      590.782  4811.88  0.877224  1205.46  15819.6  0.9238       430.37   11546.5  0.962727  962.504  4273.17  0.774756    180.029  1098.09  0.836052  3215.95  9557.19  0.663505    963.455  3632.33  0.734756    2342.11  5924.85  0.604698  514.553  3713.8   0.861448   1.0000    1.0000           1.0000
T0604-D2  rbT0604-D2  249    249         1906     1906          249    249         1924     1924          16043    114905   0.86038      5313.06  67298    0.921052    12038.9  47607.3  0.74712      2149.26  12070.7  0.821944  5215.86  70201.8  0.925702     1981.08  50341.2  0.960647  4016.5   19860.5  0.797765    569.126  2962.47  0.807888  11504.8  44703.5  0.742642    3827.67  16956.7  0.774268    8426.98  27746.8  0.69629   1857.63  9108.26  0.79605    1.0000    1.0000           1.0000
T0520-D1  rbT0520-D1  173    173         1357     1357          173    173         1357     1357          10772.7  77685.8  0.86133      3758.83  44477.7  0.91549     8143.9   33208.2  0.754762     1411.63  10205.9  0.861685  3742     47101.3  0.920554     1355.98  32985.5  0.958892  2854.01  14115.8  0.797814    449.428  2216.35  0.797222  8041.15  30584.6  0.737085    2829.28  11492.2  0.753808    5792.9   19092.4  0.696586  1250.74  7989.53  0.843453   1.0000    1.0000           1.0000
T0584-D1  rbT0584-D1  338    338         2533     2533          338    338         2533     2533          20982.2  155307   0.864899     6273.54  93870.3  0.933168    16114.7  61436.7  0.737702     2386.52  15754.6  0.848519  6687.13  97702.4  0.931556     2256.56  71004.4  0.968219  5144.1   26698.1  0.807323    574.107  3374.42  0.829865  15351.2  57604.6  0.733506    4745.52  22866    0.792464    11582.1  34738.6  0.666594  2102.63  12380.2  0.830162   1.0000    1.0000           1.0000
T0617-D1  rbT0617-D1  136    136         1085     1085          136    136         1085     1085          7955.36  59752.6  0.866862     2444.09  36496.6  0.933032    6174.82  23256    0.734485     1383.74  9779.49  0.858505  2588.41  37762    0.931455     878.602  27869.2  0.968474  1901.94  9892.86  0.807746    280.078  1592.46  0.824123  6001.04  21990.5  0.727108    1767.92  8627.42  0.795081    4646.94  13363.1  0.652257  1237.67  8187.03  0.848826   1.0000    1.0000           1.0000
T0533-D1  rbT0533-D1  199    199         1456     1456          199    199         1484     1484          9739.04  87784.5  0.889057     3512.28  50807    0.93087     7150.15  36977.4  0.806635     1354.09  9427.75  0.856372  3657.17  54093    0.932391     1309.29  37217.4  0.96482   2799.77  16875.6  0.834094    406.648  2728.14  0.850943  6704.83  33691.4  0.800993    2633.6   13589.6  0.806205    4506.19  20101.8  0.775831  1171.55  6699.6   0.825132   1.0000    1.0000           1.0000
T0548-D1  rbT0548-D1  35     35          296      296           35     35          296      296           1886.17  14953.9  0.873868     754.55   8683.39  0.913104    1277.26  6270.52  0.796308     207.483  3180.89  0.934772  625.127  9029.16  0.930766     254.376  6271.5   0.959439  488.065  2757.65  0.823014    98.9323  695.222  0.857697  1309.43  5924.76  0.778991    545.908  2411.88  0.773659    831.361  3512.87  0.763339  209.451  2485.68  0.915737   1.0000    1.0000           1.0000
T0585-D1  rbT0585-D1  212    212         1662     1662          212    212         1662     1662          12796.5  100425   0.872577     4114.81  56096    0.926647    10160.9  44329.5  0.770788     1498.31  9788.35  0.846929  4287     59058.7  0.927411     1354.84  40801    0.966794  3303.12  18257.8  0.819084    409.567  2106.44  0.805565  9431.85  41366.8  0.771994    3040.11  15295    0.801235    7410.15  26071.7  0.715778  1277.95  7681.91  0.833641   1.0000    1.0000           1.0000
T0543-D2  rbT0543-D2  45     45          345      345           45     45          345      345           2475.84  19504.3  0.873062     616.976  11586.5  0.946751    2154.31  7917.73  0.727914     418.412  3119.57  0.865875  652.27   12127.1  0.946214     245.07   9021.16  0.972834  564.274  3105.93  0.818324    88.5804  964.76   0.908184  2049.79  7377.15  0.722143    431.992  2565.36  0.831606    1703.28  4811.79  0.646019  339.343  2154.81  0.842519   1.0000    1.0000           1.0000
T0543-D4  rbT0543-D4  312    312         2539     2539          312    312         2542     2542          19885.2  152029   0.869201     6542.65  80926.1  0.919153    15803.9  71102.9  0.777733     2167.4   14841.2  0.853961  6843.03  85359.4  0.919833     2297.63  57457.9  0.960012  5485.02  27901.4  0.803414    583.812  3454.63  0.831006  15010.7  66669.7  0.77485     4986.39  23468.2  0.787525    11362.3  43201.5  0.736993  1941.09  11386.5  0.829527   1.0000    1.0000           1.0000
T0571-D2  rbT0571-D2  135    135         1036     1036          135    135         1049     1049          7778.72  59908    0.870156     2648.24  33060.9  0.919898    5963.97  26847.1  0.777854     1075.27  7181.16  0.850265  2723.43  35622.6  0.923548     1058.68  24425.8  0.956657  2110.37  11196.8  0.81152     243.775  1678.03  0.854725  5552.13  24285.4  0.77138     1851.45  8635.1   0.78559     4001.53  15650.3  0.744316  959.329  5503.13  0.825676   1.0000    1.0000           1.0000
