target    model       t_res  t_res_used  t_atoms  t_atoms_used  m_res  m_res_used  m_atoms  m_atoms_used  AA_diff  AA_ref   AA           AM_diff  AM_ref   AM          AS_diff  AS_ref   AS        AW_diff  AW_ref   AW         MA_diff  MA_ref   MA        MM_diff  MM_ref   MM        MS_diff  MS_ref   MS        MW_diff  MW_ref   MW        SA_diff  SA_ref   SA          SM_diff  SM_ref   SM          SS_diff  SS_ref   SS        SW_diff  SW_ref   SW         TM_score  TM_score_GDT_TS  TM_score_GDT_HA
T0622-D1  rbT0622-D1  122    122         956      956           122    122         956      956           7240.65  55063.9  0.868505     2156.41  28627    0.924672    6107.53  26436.9  0.768977  1070.67  7159.04  0.850446   2257.32  31455.3  0.928237  876.195  21300.1  0.958864  1786.49  10155.3  0.824082  191.747  1424.62  0.865405  5649.23  23608.6  0.760713    1536.54  7326.96  0.79029     4572.65  16281.6  0.719152  1039.72  5734.42  0.818688   1.0000    1.0000           1.0000
T0638-D1  rbT0638-D1  212    212         1581     1581          211    211         1671     1671          15087.1  93729.8  0.839036     5064.94  49783.2  0.89826     11394.2  43946.6  0.740727  2488.75  10848.4  0.770588   4862.79  54662.3  0.911039  1843.08  35852.5  0.948593  3994.1   18809.8  0.787658  535.502  2445.17  0.780996  10939.6  39067.5  0.719981    3709.61  13930.6  0.733708    7698.11  25136.9  0.693752  2235.35  8403.23  0.733989   0.9953    0.9953           0.9953
T0624-D1  rbT0624-D1  69     69          570      570           69     69          570      570           3736.04  30562.7  0.877758     1351.33  14987.8  0.909838    2932.23  15574.9  0.811734  565.567  4737.44  0.880617   1418.46  16854.7  0.915842  538.979  10331.6  0.947832  1167.64  6523.01  0.820997  170.975  1022.82  0.83284   2680.72  13708    0.804441    985.041  4656.11  0.788441    1918.99  9051.89  0.788001  486.996  3714.62  0.868897   1.0000    1.0000           1.0000
T0525-D1  rbT0525-D1  205    205         1657     1657          205    205         1657     1657          13623.6  99237.1  0.862716     4326.46  49958.7  0.913399    10703.1  49278.4  0.782803  1364.16  10184.6  0.866056   4631.73  54945.9  0.915704  1585.43  35146.6  0.954891  3773.66  19799.3  0.809404  318.601  1677.29  0.810051  10061.4  44291.2  0.772835    3092.9   14812.1  0.79119     7703.55  29479.2  0.738678  1223.04  8507.26  0.856236   1.0000    1.0000           1.0000
T0541-D1  rbT0541-D1  102    102         759      759           102    102         759      759           5443.94  44036.8  0.876378     1981.61  22688    0.912658    4249.2   21348.9  0.800964  397.881  5261.92  0.924385   2130.07  25388.2  0.9161    858.907  16446    0.947774  1643.59  8942.15  0.816197  171.447  1107.13  0.845143  3972.15  18648.7  0.787001    1416.3   6241.95  0.7731      2877.16  12406.7  0.768097  368.357  4154.79  0.911342   1.0000    1.0000           1.0000
T0630-D1  rbT0630-D1  99     99          813      813           99     99          813      813           5800.24  45909.5  0.873659     1729.29  22933.4  0.924595    4768.13  22976.1  0.792475  693.183  6028.95  0.885024   1780.72  25463.2  0.930067  704.088  16271.6  0.956729  1474.73  9191.55  0.839556  141.702  1115.35  0.872953  4558.15  20446.3  0.777068    1237.15  6661.76  0.814292    3560.66  13784.6  0.741693  612.771  4913.59  0.875291   1.0000    1.0000           1.0000
T0594-D1  rbT0594-D1  140    140         1137     1137          140    140         1137     1137          9044.72  66598.3  0.86419      2653.61  32902    0.919348    7431.93  33696.3  0.779444  911.273  7343.37  0.875905   2845.77  36482.2  0.921996  1006.93  23591.2  0.957318  2346.94  12891    0.817939  185.401  1311.59  0.858644  6946.95  30116.2  0.769328    1927.91  9310.81  0.792938    5514.98  20805.3  0.734925  865.638  6031.78  0.856487   1.0000    1.0000           1.0000
T0589-D1  rbT0589-D1  228    228         1764     1764          228    228         1805     1805          15940.6  104852   0.847971     4595.26  53296.8  0.91378     12989.5  51555.6  0.74805   1847.7   11252.8  0.835801   5053.97  58750.7  0.913976  1548.45  38714.6  0.960003  4343.62  20036.1  0.78321   387.844  2744.72  0.858695  11939.3  46101.6  0.741022    3430.98  14582.2  0.764714    9370.96  31519.5  0.702693  1610.43  8508.04  0.810717   1.0000    1.0000           1.0000
T0528-D2  rbT0528-D2  160    160         1198     1198          160    160         1209     1209          9708.65  72106.8  0.865357     3291.96  37430.7  0.912052    7467.81  34676.1  0.784641  1168.71  7915.26  0.852347   3514.63  41737.7  0.915792  1239.41  26761.6  0.953687  2806.19  14976.1  0.812622  323.561  1777.35  0.817953  6908.94  30369.1  0.7725      2379.43  10669    0.776978    5073.88  19700    0.742443  1006.56  6137.92  0.836009   1.0000    1.0000           1.0000
T0522-D1  rbT0522-D1  131    131         1042     1042          131    131         1051     1051          8086.16  61044.2  0.867536     2312.43  30650.7  0.924555    6554.86  30393.5  0.784333  1140.87  7129.12  0.83997    2473.65  33841.7  0.926905  797.218  21877.5  0.96356   2033.14  11964.2  0.830065  241.722  1505.72  0.839464  6195.78  27202.5  0.772235    1759.87  8773.21  0.799404    4891.83  18429.3  0.734563  1016.59  5623.4   0.819221   1.0000    1.0000           1.0000
T0641-D1  rbT0641-D1  295    295         2287     2287          295    295         2287     2287          16171.7  140330   0.884759     5279.11  71061.3  0.925711    12727.5  69268.4  0.816258  1646.98  12926.9  0.872593   5368.15  78640.8  0.931738  1933.36  50842.8  0.961974  4479.54  27798    0.838854  388.74   2579.97  0.849324  11907.7  61688.9  0.806972    3849.16  20218.5  0.809622    8894.21  41470.4  0.785529  1442.08  10346.9  0.860627   1.0000    1.0000           1.0000
T0591-D1  rbT0591-D1  380    380         2896     2896          380    380         2885     2885          21937.7  179859   0.878028     6000.12  92488.5  0.935126    17747.5  87370.6  0.796871  1768.67  15267.5  0.884154   5703.68  102192   0.944187  1853.81  67262.5  0.972439  4811.51  34929.5  0.862251  426.739  3291.14  0.870337  17163.8  77667.1  0.779008    4488.79  25226    0.822057    13546.2  52441.1  0.741688  1570.12  11976.3  0.868898   0.9959    0.9954           0.9948
T0534-D2  rbT0534-D2  176    176         1347     1347          176    176         1347     1347          7400.72  82260.1  0.910033     2120.03  44058.9  0.951882    6274.82  38201.2  0.835743  729.107  8616.81  0.915386   2091.94  48044.2  0.956458  707.539  32265    0.978071  1821.92  15779.2  0.884537  180.451  1434.95  0.874246  6003.69  34215.9  0.824535    1631.64  11793.9  0.861654    4899.25  22422    0.781498  683.536  7181.87  0.904825   1.0000    1.0000           1.0000
T0596-D1  rbT0596-D1  53     53          422      422           53     53          432      432           3762.43  23413.1  0.839303     1118.72  12833.2  0.912826    3011.51  10579.9  0.715356  630.584  3596.58  0.824671   1213.36  14014.6  0.913422  327.113  9409.01  0.965234  1034.9   4605.63  0.775297  76.6943  601.556  0.872507  2813.22  9398.48  0.700673    853.771  3424.18  0.750664    2081.33  5974.3   0.651619  555.79   2995.02  0.814429   1.0000    1.0000           1.0000
T0579-D1  rbT0579-D1  60     60          456      456           60     60          456      456           2881.27  25133.4  0.885361     963.609  13145.1  0.926694    2240.63  11988.3  0.813099  427.114  3841.79  0.888824   1003.18  14672    0.931626  384.66   9490.84  0.95947   805.477  5181.14  0.844537  97.8782  935.456  0.895368  2157.95  10461.4  0.793722    686.686  3654.21  0.812084    1547.44  6807.19  0.772675  447      2906.33  0.846198   1.0000    1.0000           1.0000
T0539-D1  rbT0539-D1  68     68          518      518           68     68          520      520           3747.63  28843.2  0.870069     1161.38  15107.1  0.923124    2911.44  13736.2  0.788046  539.489  4465.88  0.879198   1319.47  16784.4  0.921387  497.933  11010.2  0.954775  1055.81  5774.26  0.817153  172.612  1087.99  0.841348  2794.32  12058.8  0.768275    853.645  4096.86  0.791634    2054.33  7961.91  0.74198   472.81   3377.89  0.860028   1.0000    1.0000           1.0000
T0582-D1  rbT0582-D1  121    121         947      947           121    121         952      952           6575.5   53230.3  0.876471     2051.85  26854.9  0.923595    5383.05  26375.5  0.795907  811.981  7240.89  0.887862   2073.56  29865.5  0.93057   838.736  19281    0.956499  1592.38  10584.5  0.849555  204.526  1715.19  0.880756  5062.81  23364.8  0.783315    1419.95  7573.85  0.81252     4030.62  15791    0.744752  724.128  5525.7   0.868953   1.0000    1.0000           1.0000
T0639-D1  rbT0639-D1  124    124         1002     1002          124    124         1002     1002          6536.97  56010    0.883289     2135.59  30449.9  0.929866    5209.99  25560.1  0.796167  878.748  8430.95  0.895771   2051.11  32918    0.93769   715.875  22141.7  0.967668  1819.65  10776.3  0.831144  156.542  1190.76  0.868536  5073.52  23092    0.780291    1660.98  8308.24  0.80008     3817.64  14783.8  0.741768  818.58   7240.19  0.886939   1.0000    1.0000           1.0000
T0578-D1  rbT0578-D1  148    148         1227     1227          148    148         1227     1227          8686.09  68422.3  0.873052     2839.72  34051.2  0.916604    7346.59  34371.1  0.786257  1005.41  9166.36  0.890315   2825.48  37390.9  0.924434  1015.5   24503.8  0.958557  2362.55  12887.1  0.816674  302.682  1763.33  0.828346  6872.13  31031.4  0.778543    2157     9547.43  0.774075    5459.3   21484    0.745889  954.08   7403.03  0.871123   1.0000    1.0000           1.0000
T0536-D1  rbT0536-D1  93     93          736      736           93     93          754      754           5371.74  40628.9  0.867785     1660.87  20832.1  0.920273    4463.97  19796.9  0.774511  834.634  5961.89  0.860005   1850.58  23169.6  0.920129  684.775  15008.5  0.954374  1509.11  8161.16  0.815086  164.415  1168.23  0.859262  4176.72  17459.3  0.760774    1233.83  5823.61  0.788133    3168.08  11635.7  0.727728  840.589  4793.66  0.824646   1.0000    1.0000           1.0000
T0524-D1  rbT0524-D1  321    321         2589     2589          321    321         2598     2598          19291.5  157948   0.877862     5858.31  74460.9  0.921324    16040.9  83487.2  0.807864  1610.34  13205.7  0.878058   5768.49  82890.6  0.930408  2222.55  52009    0.957266  4861.42  30881.7  0.842579  358.976  2779.2   0.870835  15067.3  75057.4  0.799257    4198.45  22452    0.813003    12032.5  52605.5  0.77127   1561.71  10426.5  0.850218   1.0000    1.0000           1.0000
T0634-D1  rbT0634-D1  107    107         894      894           107    107         894      894           8870.07  50550.2  0.824529     2301.98  24636.4  0.906562    7522.51  25913.8  0.70971   970.975  6289.55  0.845621   2464.08  27423.6  0.910148  787.339  17451.3  0.954884  2116.52  9972.32  0.78776   237.948  1090.24  0.781747  7116.33  23126.6  0.692288    1838.61  7185.12  0.744108    5769.66  15941.5  0.638072  942.059  5199.3   0.81881    1.0000    1.0000           1.0000
T0569-D1  rbT0569-D1  78     78          569      569           78     78          569      569           4494.32  31686.4  0.858163     1571.12  17512.2  0.910285    3496.91  14174.2  0.753291  471.931  4646.83  0.89844    1722.77  19015.4  0.909401  699.84   12772.3  0.945207  1340.99  6243.07  0.785204  152.248  1262.31  0.87939   3161.49  12671    0.750495    1106.49  4739.89  0.766558    2231.08  7931.14  0.718694  445.103  3384.51  0.868488   1.0000    1.0000           1.0000
T0598-D1  rbT0598-D1  127    127         1026     1026          127    127         1033     1033          7625.64  55893.6  0.863569     1943.58  29414.3  0.933924    6243.8   26479.3  0.7642    1009.53  8898.16  0.886547   1949.66  32145.1  0.939348  649.078  21675.5  0.970055  1714.27  10469.6  0.836262  242.49   1795.22  0.864925  5921.61  23748.5  0.750653    1517.37  7738.82  0.803928    4684.27  16009.7  0.70741   922.467  7102.94  0.870129   1.0000    1.0000           1.0000
T0576-D1  rbT0576-D1  133    133         1064     1064          133    133         1064     1064          8615.26  60857.9  0.858436     2335.22  29972.4  0.922088    7208.79  30885.5  0.766596  1005.93  7575.73  0.867217   2577.55  33419.5  0.922873  852.108  21942.5  0.961166  2128.1   11477    0.814576  202.161  1653.63  0.877747  6691     27438.4  0.756145    1708.36  8029.89  0.78725     5418.68  19408.5  0.720809  949.999  5922.1   0.839584   1.0000    1.0000           1.0000
T0565-D1  rbT0565-D1  304    304         2409     2409          304    304         2429     2429          15583    146944   0.893953     5055.35  71943.1  0.929731    12789.6  75001.1  0.829474  1869.08  13585.6  0.862422   5167.71  80153    0.935527  1764.84  49196.4  0.964127  4300.87  30956.6  0.861068  352.994  2941.59  0.879999  12096.7  66791.2  0.818888    3866.49  22746.7  0.83002     9360.28  44044.5  0.787481  1710.43  10644    0.839306   1.0000    1.0000           1.0000
T0604-D1  rbT0604-D1  80     80          623      623           80     80          639      639           4687.47  33994.5  0.862111     1579.27  17584    0.910187    3676.61  16410.5  0.77596   784.999  5396.55  0.854537   1591.52  19585.7  0.918741  600.829  13152    0.954317  1306     6433.67  0.797006  198.793  1237.23  0.839325  3433.05  14408.8  0.76174     1103.92  4432.02  0.750921    2570.95  9976.83  0.742308  735.576  4159.32  0.82315    1.0000    1.0000           1.0000
T0564-D1  rbT0564-D1  61     61          490      490           61     61          490      490           3174.66  25434.7  0.875184     1051.93  13540.8  0.922314    2457.27  11893.8  0.7934    510.733  4442.42  0.885033   1001.27  14863.1  0.932634  422.91   9839.33  0.957018  846.259  5023.8   0.83155   140.114  977.015  0.85659   2425.42  10571.6  0.770571    794.421  3701.51  0.785379    1786.79  6870.05  0.739916  465.659  3465.4   0.865626   1.0000    1.0000           1.0000
T0543-D1  rbT0543-D1  40     40          303      303           40     40          306      306           2246.33  16423    0.863221     759.922  9177.19  0.917194    1885.07  7245.83  0.739841  368.544  2954.82  0.875274   913.402  9966.28  0.908351  286.417  6922.06  0.958623  802.027  3044.21  0.736541  97.0628  816.256  0.881088  1688.23  6456.75  0.738532    592.989  2255.13  0.737049    1231.81  4201.62  0.706826  328.393  2138.57  0.846443   1.0000    1.0000           1.0000
T0582-D2  rbT0582-D2  99     99          732      732           99     99          745      745           3663.6   41102.6  0.910867     1177.66  21913.8  0.94626     2994.01  19188.8  0.843971  661.074  5846.9   0.886936   1240.11  24553.9  0.949495  505.544  16377.5  0.969132  1031.93  8176.41  0.873792  109.422  1434.32  0.923711  2697.47  16548.7  0.836999    805.281  5536.31  0.854546    2112.96  11012.4  0.80813   627.011  4412.58  0.857904   1.0000    1.0000           1.0000
T0543-D3  rbT0543-D3  386    386         3136     3136          386    386         3139     3139          25567.8  190295   0.865642     7585.92  92397.4  0.917899    20458.6  97898    0.791021  2176.21  17178    0.873314   7901.7   101924   0.922474  2668.51  64154.5  0.958405  6548.01  37769.2  0.826631  513.643  3255.01  0.842199  19487.6  88371.7  0.779481    5589.53  28242.9  0.802091    15143.5  60128.9  0.74815   2003.69  13923    0.856088   1.0000    1.0000           1.0000
T0533-D2  rbT0533-D2  91     91          657      657           91     91          676      676           3950.88  38492.8  0.897361     1352.48  21041.4  0.935723    3132.16  17451.4  0.820522  672.053  5027.13  0.866315   1346.06  23364.1  0.942388  492.748  15278.3  0.967749  1125.53  8085.81  0.860802  178.201  1200.72  0.851589  2910.59  15128.7  0.807612    960.498  5763.09  0.833336    2184.01  9365.61  0.766805  596.584  3826.4   0.844088   1.0000    1.0000           1.0000
T0527-D1  rbT0527-D1  99     99          823      823           99     99          823      823           6656.27  45671.2  0.854257     1838.29  22958    0.919928    5332.82  22713.1  0.76521   859.265  6279.7   0.863168   2069.27  25393.9  0.918513  763.201  16302    0.953184  1704.48  9091.91  0.812528  142.707  1111.9   0.871655  5045.6   20277.2  0.751169    1396.98  6656     0.790118    3825.33  13621.2  0.719164  799.143  5167.8   0.845361   1.0000    1.0000           1.0000
T0575-D2  rbT0575-D2  127    127         1015     1015          127    127         1030     1030          6473.98  57027.1  0.886475     1858.98  30686.4  0.93942     5296.1   26340.6  0.798938  1034.57  8066.99  0.871753   1940.05  33416.4  0.941943  638.688  22883.5  0.97209   1611.39  10532.9  0.847014  227.374  1425.46  0.840491  5002.68  23610.7  0.788118    1438.48  7802.96  0.81565     3921.37  15807.7  0.751933  933.233  6641.53  0.859485   1.0000    1.0000           1.0000
T0528-D1  rbT0528-D1  204    204         1553     1553          204    204         1578     1578          11116.8  96742.8  0.885089     3363.93  49766.4  0.932406    8618.08  46976.4  0.816545  1338.06  8749.4   0.847068   3395.8   54975.5  0.938231  1089.76  35556.9  0.969352  2863.79  19418.7  0.852524  282.054  1744.71  0.838338  8224.76  41767.2  0.803081    2580.33  14209.5  0.818408    6131.27  27557.8  0.777512  1195.87  7004.69  0.829275   1.0000    1.0000           1.0000
T0610-D1  rbT0610-D1  176    176         1408     1408          176    176         1412     1412          11200.6  83268.2  0.865488     3019.94  40689    0.92578     9221.84  42579.2  0.783419  1303.46  8930.52  0.854044   3384     45121.4  0.925002  1059.32  29017.7  0.963494  2775.03  16103.7  0.827677  265.97   1921.65  0.861593  8598.77  38146.8  0.774587    2234.92  11671.3  0.808512    6980.36  26475.5  0.736346  1222.67  7008.87  0.825554   1.0000    1.0000           1.0000
T0632-D1  rbT0632-D1  114    114         861      861           113    113         852      852           8360.61  48867    0.828911     2925.91  25828.7  0.886718    6269.46  23038.3  0.727868  1180.9   6574.42  0.820379   3178.26  29146.2  0.890955  1225.89  18299    0.933008  2402.22  10847.2  0.778539  267.383  1385.63  0.807032  5796.66  19720.8  0.706064    1951.53  7529.66  0.740821    4177.4   12191.1  0.657341  1008.74  5188.79  0.805592   0.9912    0.9912           0.9912
T0590-D1  rbT0590-D1  72     72          560      560           72     72          560      560           4493.76  28459.8  0.842101     1590.85  15065.4  0.894404    3502.99  13394.4  0.738473  797.564  5227.35  0.847425   1740.11  16771.4  0.896245  616.898  10749.1  0.942609  1407.03  6022.32  0.766364  201.536  1230.99  0.836281  3266.16  11688.4  0.720564    1187.65  4316.34  0.724848    2260.45  7372.06  0.693376  719.721  3996.36  0.819906   1.0000    1.0000           1.0000
T0530-D1  rbT0530-D1  80     80          641      641           80     80          650      650           3761.66  34606.2  0.891301     1263.73  17859.5  0.929241    3034.22  16746.7  0.818817  686.948  5282.73  0.869964   1158.32  19735.3  0.941307  489.219  12765.5  0.961677  989.475  6969.82  0.858034  156.769  1090.58  0.856252  2940.25  14870.9  0.802282    944.529  5094.01  0.81458     2145.85  9776.89  0.780518  660.062  4192.16  0.842548   1.0000    1.0000           1.0000
T0636-D1  rbT0636-D1  318    318         2460     2460          318    318         2487     2487          20193.6  148250   0.863787     5426.25  76534.4  0.9291      16565.8  71715.2  0.769006  2391.9   14296.3  0.83269    5665.77  84098.8  0.93263   1877.39  56120.2  0.966547  4783.46  27978.7  0.829032  504.929  3026.96  0.83319   15318.1  64150.7  0.761217    3930.12  20414.2  0.807481    12092.4  43736.5  0.723517  2096.12  11269.3  0.813997   1.0000    1.0000           1.0000
T0607-D1  rbT0607-D1  469    469         3664     3664          469    469         3673     3673          25220.9  224840   0.887828     7562.53  112508   0.932782    20870.3  112332   0.81421   2563.56  20293.6  0.873677   8056.71  124286   0.935176  2620.28  79635.7  0.967097  6825.84  44650.2  0.847127  575.848  4343.08  0.86741   19471.4  100554   0.806359    5682.11  32872.2  0.827146    15456.3  67682.2  0.771635  2384.74  15950.6  0.850492   1.0000    1.0000           1.0000
T0531-D1  rbT0531-D1  58     58          591      591           6      6           44       44            29508.5  29531.9  0.000793142  14103.5  14126.9  0.00165804  15405    15405    0         4364.18  4433.23  0.0155767  14229.4  14229.4  0         9374.36  9374.36  0         4855.07  4855.07  0         820.014  820.014  0         15281.5  15302.5  0.00137226  4731.56  4752.56  0.00441846  10549.9  10549.9  0         3315.08  3613.22  0.0825128  0.1034    0.1034           0.1034
T0596-D2  rbT0596-D2  121    121         953      953           121    121         1012     1012          10358.6  54238.8  0.809019     2649.52  29266.2  0.909468    8063.42  24972.6  0.677109  1873.46  7547.87  0.75179    2964.11  31927.8  0.907162  884.752  21770.4  0.95936   2476.94  10157.4  0.756145  317.958  1283.15  0.752205  7409.91  22311    0.66788     1984.02  7495.79  0.735316    5840.53  14815.2  0.605774  1616.93  6264.72  0.741898   1.0000    1.0000           1.0000
T0623-D1  rbT0623-D1  187    187         1507     1507          187    187         1507     1507          11193.4  88558.9  0.873605     3520.54  45637.1  0.922858    9233.6   42921.8  0.784874  1341.94  9817.1   0.863306   3425.58  49958.9  0.931432  1216.53  32827.1  0.962941  2854.71  17131.8  0.833368  240.982  1714.36  0.859433  8674.03  38600    0.775284    2569.43  12810    0.799419    6953.76  25790    0.73037   1283.52  8102.75  0.841594   1.0000    1.0000           1.0000
T0547-D1  rbT0547-D1  183    183         1490     1490          183    183         1490     1490          14739.4  86773.6  0.830139     4231.68  42106.7  0.899501    11963.9  44666.9  0.732153  1532.46  9319.75  0.835568   4395.29  46365    0.905202  1557.82  29712.5  0.94757   3629.46  16652.5  0.782047  336.217  2138.42  0.842773  11399.8  40408.6  0.717886    3123.1   12394.2  0.748019    8923.88  28014.4  0.681453  1362.52  7181.32  0.810269   1.0000    1.0000           1.0000
T0640-D1  rbT0640-D1  207    207         1591     1591          207    207         1591     1591          11056.8  94539.1  0.883045     3362.87  49234.8  0.931697    9009.16  45304.2  0.801141  1110.44  10276.1  0.891939   3658.79  54457.1  0.932813  1318.73  36263.1  0.963634  2977.62  18194    0.836341  338.456  1990.14  0.829934  8290.18  40082    0.793169    2427.65  12971.7  0.812851    6597.84  27110.2  0.756629  1059.64  8285.93  0.872116   1.0000    1.0000           1.0000
T0563-D1  rbT0563-D1  228    228         1830     1830          228    228         1842     1842          13709.6  109280   0.874547     3971.07  53403.2  0.92564     11268.8  55877.2  0.798329  1539.89  10926.3  0.859066   4167.74  59141    0.929529  1461.51  38446.8  0.961986  3375.06  20694.3  0.836909  288.312  2194.31  0.868609  10916.2  50139.4  0.782284    2988.79  14956.5  0.800167    8686.77  35182.9  0.753097  1452.8   8731.97  0.833623   1.0000    1.0000           1.0000
T0608-D2  rbT0608-D2  161    161         1251     1251          161    161         1271     1271          9189.55  72841.5  0.873842     3341.49  37215.3  0.910212    7160.6   35626.1  0.799007  1070.31  8353.65  0.871875   3257.77  41455.2  0.921415  1219.69  25852.9  0.952822  2707.27  15602.2  0.826482  299.747  1874.47  0.84009   6806.43  31386.3  0.78314     2387.58  11362.4  0.789871    4962.41  20023.9  0.752175  917.124  6479.17  0.858451   1.0000    1.0000           1.0000
T0611-D1  rbT0611-D1  53     53          429      429           53     53          435      435           2483.34  23299.7  0.893418     666.175  12726.4  0.947654    2110.99  10573.3  0.800348  405.691  3757.22  0.892024   605.461  13714.3  0.955852  231.556  9578.13  0.975825  499.534  4136.19  0.879229  70.0317  715.889  0.902175  2062.63  9585.43  0.784816    488.316  3148.31  0.844896    1743.85  6437.11  0.729095  381.764  3041.33  0.874475   1.0000    1.0000           1.0000
T0601-D1  rbT0601-D1  442    442         3316     3316          442    442         3316     3316          25069.7  201678   0.875694     8560.26  105603   0.918939    19690    96075.4  0.795057  2349.6   19246.1  0.877918   8872.92  117742   0.924641  3152.65  74279.2  0.957557  7281.29  43463.1  0.832472  566.943  4021.87  0.859035  18101    83935.9  0.784347    6145.18  31323.6  0.803816    13393.6  52612.3  0.745429  2046.5   15224.2  0.865576   1.0000    1.0000           1.0000
T0516-D1  rbT0516-D1  227    227         1847     1847          227    227         1875     1875          16351.6  111614   0.853498     3986.19  56336.8  0.929243    13586.2  55276.9  0.754216  1759.93  11125.2  0.841806   4018.85  61490.7  0.934643  1231.62  41252.6  0.970144  3432.28  20238.2  0.830406  271.613  1935.47  0.859666  12973.7  50122.9  0.741163    3074.78  15084.2  0.796159    10599    35038.7  0.697505  1652.34  9189.69  0.820196   1.0000    1.0000           1.0000
T0599-D1  rbT0599-D1  367    367         2853     2853          367    367         2878     2878          24863.9  173939   0.857054     7344.38  85782.1  0.914383    20277.6  88157.1  0.769983  2760.63  15600.5  0.823041   7951.46  96631.7  0.917714  2512.69  60371.3  0.958379  6861.01  36260.4  0.810785  566.888  2834.79  0.800025  18643    77307.6  0.758846    5583.58  25410.8  0.780268    14433    51896.7  0.721891  2495.62  12765.7  0.804505   1.0000    1.0000           1.0000
T0547-D3  rbT0547-D3  79     79          644      644           79     79          644      644           6177.13  36911.1  0.832649     1702.41  19144.9  0.911078    5041.73  17766.3  0.716219  772.624  5006.69  0.845682   1853.48  21027.9  0.911856  585.306  13953.4  0.958053  1623.54  7074.47  0.770508  105.178  818.431  0.871488  4864.1   15883.3  0.693759    1312.57  5191.48  0.747169    3812.58  10691.8  0.643411  789.86   4188.26  0.811411   1.0000    1.0000           1.0000
T0561-D1  rbT0561-D1  151    151         1248     1248          151    151         1254     1254          11013.6  71584    0.846144     2741.77  36905.2  0.925708    9137.67  34678.8  0.736506  1244.58  9311.68  0.866342   2854.68  40440.5  0.92941   722.128  26896.3  0.973151  2461.51  13544.1  0.81826   232.918  1502.85  0.845016  8661.6   31143.6  0.721882    2088.01  10008.9  0.791385    7158.56  21134.7  0.661289  1132.22  7808.83  0.855007   1.0000    1.0000           1.0000
T0526-D1  rbT0526-D1  290    290         2292     2292          290    290         2315     2315          22043.6  139915   0.84245      6724.88  67000.4  0.899629    17601    72914.6  0.758608  2274.18  11714.7  0.805869   7171.61  74965.1  0.904334  2392.83  46263.3  0.948278  5950.68  28701.8  0.792672  426.169  2628.8   0.837885  16511.7  64950    0.745779    4932.7   20737.1  0.762132    12432.7  44212.8  0.718799  1914.93  9085.86  0.789241   1.0000    1.0000           1.0000
T0625-D1  rbT0625-D1  221    221         1692     1692          221    221         1708     1708          12197.9  103043   0.881623     3664.78  50837.8  0.927912    9822.13  52204.8  0.811854  1892.12  9858.6   0.808074   3919.26  57162    0.931436  1321.47  35478    0.962752  3263.17  21684    0.849512  381.914  2505.25  0.847555  9197.5   45880.6  0.799534    2741.08  15359.8  0.821542    7072.28  30520.8  0.76828   1623.1   7353.35  0.77927    1.0000    1.0000           1.0000
T0600-D2  rbT0600-D2  47     47          389      389           47     47          389      389           2942     19223.5  0.846959     922.123  9844.75  0.906334    2261.08  9378.8   0.758916  437.9    3972.31  0.889762   948.754  11023.1  0.91393   334.105  7248.56  0.953907  831.642  3774.55  0.779671  125.324  883.997  0.85823   2186.43  8200.44  0.733377    687.635  2596.19  0.735137    1586.94  5604.24  0.716832  468.15   3088.31  0.848412   1.0000    1.0000           1.0000
T0628-D2  rbT0628-D2  146    146         1082     1082          146    146         1082     1082          7495.66  63746.7  0.882415     2280.84  34893.2  0.934633    6081.91  28853.5  0.789214  833.624  7837.54  0.893637   2339.39  38390.3  0.939063  792.291  26460.7  0.970058  1957.06  11929.6  0.835949  210.568  1727.77  0.878127  5719.21  25356.4  0.774448    1635.77  8432.51  0.806016    4422.19  16923.9  0.738702  744.15   6109.76  0.878203   1.0000    1.0000           1.0000
T0537-D1  rbT0537-D1  286    286         2058     2058          286    286         2064     2064          12718.5  128935   0.901357     4428.8   68111.4  0.934977    9708.15  60824    0.840389  1133.14  11056    0.897509   4473.38  76625.6  0.94162   1680.04  48666.5  0.965479  3487.72  27959.1  0.875256  223.977  2225.77  0.899371  9215.52  52309.8  0.823828    3142.23  19444.9  0.838403    6682.08  32864.9  0.79668   1059.01  8830.22  0.88007    1.0000    1.0000           1.0000
T0586-D2  rbT0586-D2  39     39          313      313           39     39          313      313           1963.71  14664.9  0.866095     779.874  9382.54  0.91688     1242.9   5282.4   0.764709  463.321  3952.03  0.882764   657.152  10155.4  0.935291  202.309  7295.02  0.972268  540.855  2860.41  0.810917  97.7964  448.678  0.782034  1175.2   4509.51  0.739395    584.984  2087.52  0.71977     688.684  2421.99  0.715653  446.199  3503.35  0.872637   1.0000    1.0000           1.0000
T0580-D1  rbT0580-D1  104    104         789      789           104    104         805      805           4829.95  46095    0.895218     1437.94  24416.9  0.941109    3925.1   21678    0.818936  824.726  5749.16  0.856548   1429.15  27241.8  0.947538  544.939  18013.9  0.969749  1226.47  9227.83  0.86709   160.708  1252.16  0.871655  3701.05  18853.2  0.803692    1038.91  6403.02  0.837747    2900.92  12450.2  0.766998  647.886  4497     0.855929   1.0000    1.0000           1.0000
T0523-D1  rbT0523-D1  111    111         868      868           111    111         874      874           4696.06  50692.6  0.907362     1563.3   26343.4  0.940657    3877.18  24349.2  0.840767  619.311  6087.77  0.89827    1622.6   29102    0.944245  620.948  18600.6  0.966617  1402.09  10501.5  0.866487  128.753  1060.81  0.878627  3649.97  21590.5  0.830946    1142.04  7742.86  0.852504    2714.45  13847.7  0.803978  525.316  5026.97  0.895501   1.0000    1.0000           1.0000
T0627-D1  rbT0627-D1  244    244         1935     1935          244    244         1974     1974          17497    118586   0.852453     4769.9   61493.9  0.922433    14116.6  57092.2  0.752741  1975.17  11592.2  0.829613   5091.31  66903.4  0.923901  1423.08  44546    0.968054  4332.36  22357.4  0.806222  390.852  1975.86  0.802187  13228.1  51682.7  0.744052    3684.52  16947.9  0.782597    10454.6  34734.8  0.699017  1860.88  9616.35  0.806488   1.0000    1.0000           1.0000
T0571-D1  rbT0571-D1  165    165         1292     1292          165    165         1304     1304          7737.15  73570    0.894833     2680.12  36904.3  0.927376    6224.76  36665.7  0.830229  921.204  9352     0.901497   2751.36  41596.2  0.933856  1123.07  25786    0.956447  2284.28  15810.2  0.855519  191.573  1834.12  0.89555   5623.32  31973.8  0.824127    1872.1   11118.3  0.83162     4292.35  20855.5  0.794186  870.585  7517.89  0.884198   1.0000    1.0000           1.0000
T0575-D1  rbT0575-D1  63     63          499      499           63     63          525      525           3603.09  28100.6  0.871779     991.25   14825.2  0.933137    2932.41  13275.4  0.779109  648.203  4012.75  0.838464   984.979  16120.2  0.938898  348.861  11066.9  0.968477  838.147  5053.32  0.834139  137.506  871.699  0.842255  2889.54  11980.3  0.758809    748.822  3758.25  0.800752    2289.59  8222.06  0.72153   603.251  3141.05  0.807946   1.0000    1.0000           1.0000
T0637-D1  rbT0637-D1  135    135         1066     1066          135    135         1066     1066          8386.81  57239.1  0.853478     2790.33  33240.5  0.916056    6493.28  23998.6  0.729431  1271.3   10609.4  0.880172   2715.43  36271.5  0.925136  1028.64  24816.4  0.95855   2300.13  11455.1  0.799205  252.104  1163.47  0.783317  6286.49  20967.6  0.700181    2076.6   8424.12  0.753493    4565.28  12543.5  0.636045  1190.08  9445.94  0.874011   1.0000    1.0000           1.0000
T0581-D1  rbT0581-D1  105    105         808      808           105    105         812      812           5598.27  46346    0.879207     1872.5   24868    0.924702    4369.89  21478    0.796541  754.909  6195.32  0.878149   1891.99  27438.4  0.931046  669.021  18004.3  0.962841  1554.3   9434.14  0.835247  167.726  1138.12  0.85263   4153.41  18907.6  0.780331    1385.28  6863.72  0.798174    3028.39  12043.8  0.748553  650.664  5057.19  0.871339   1.0000    1.0000           1.0000
T0618-D1  rbT0618-D1  158    158         1266     1266          158    158         1277     1277          9256.22  73866.2  0.874689     2558.89  38012.9  0.932684    7496.17  35853.3  0.790921  1277.25  8809.92  0.855021   2527.79  41743.7  0.939445  888.208  27735.3  0.967975  2083.96  14008.4  0.851235  298.522  1562.88  0.808992  7325.78  32122.5  0.771942    1914.8   10277.6  0.813692    5904.4   21844.9  0.729713  1114.23  7247.05  0.846251   1.0000    1.0000           1.0000
T0605-D1  rbT0605-D1  49     49          417      417           49     49          417      417           3177.88  19562.3  0.837551     944.48   12109.6  0.922006    2527.58  7452.7   0.66085   519.304  5115.15  0.898477   896.673  13073.3  0.931412  272.246  8942.49  0.969556  832.359  4130.79  0.798499  63.6515  340.618  0.813129  2475.86  6489.03  0.618455    784.974  3167.12  0.752149    1827.58  3321.91  0.449841  521.182  4774.53  0.890841   1.0000    1.0000           1.0000
T0547-D2  rbT0547-D2  265    265         2108     2108          265    265         2108     2108          19735.6  128002   0.845818     5811.89  64678.7  0.910142    15789.9  63322.9  0.750645  1826.95  12057.2  0.848477   6171.47  71602.5  0.913809  1934.76  46392.7  0.958296  5150.62  25209.9  0.79569   397.87   2212.22  0.820149  14878.3  56399    0.736196    4376.03  18286    0.76069     11477.9  38113    0.698845  1707.83  9845.02  0.826529   1.0000    1.0000           1.0000
T0615-D1  rbT0615-D1  174    174         1404     1404          174    174         1404     1404          13991    84764.5  0.834943     3902.77  43262    0.909788    11523.4  41502.5  0.722345  1716.47  8951.59  0.80825    3975.01  47238.2  0.915852  1286.86  31382.9  0.958995  3294.02  15855.4  0.792246  318.507  1576.7   0.797991  11188.5  37526.3  0.70185     3068.73  11879.1  0.74167     8977.98  25647.1  0.649942  1634.99  7374.89  0.778303   1.0000    1.0000           1.0000
T0611-D2  rbT0611-D2  149    149         1251     1251          149    149         1272     1272          10831.7  70784.4  0.846976     2992.51  36788.9  0.918657    8759.63  33995.5  0.74233   1392.93  8943.34  0.844249   2910.16  39748.9  0.926786  906.254  26759    0.966133  2517.61  12989.9  0.806187  274.187  1149.87  0.76155   8477.37  31035.5  0.72685     2283.56  10029.9  0.772325    6701.23  21005.6  0.68098   1320.01  7793.47  0.830627   1.0000    1.0000           1.0000
T0589-D3  rbT0589-D3  94     94          678      678           94     94          729      729           6347.76  39123.1  0.837749     2078.72  21786    0.904584    4703.62  17337.1  0.728697  1105.09  5465.47  0.797805   2171.87  24026.5  0.909605  719.274  16296.4  0.955863  1778.51  7730.08  0.769924  237.306  1303.8   0.817989  4447.14  15096.7  0.705423    1549.57  5489.62  0.717727    3074.86  9607.06  0.679938  978.121  4161.67  0.764969   1.0000    1.0000           1.0000
T0521-D1  rbT0521-D1  98     98          794      794           98     98          797      797           6163.95  44293.5  0.860839     1652.87  23206.5  0.928776    5086.57  21087    0.758782  774.649  6465.74  0.880192   1698.69  25161.6  0.932489  543.604  17057.1  0.96813   1463.03  8104.47  0.819478  166.959  1240.77  0.86544   4883.22  19131.9  0.744761    1232.78  6149.42  0.799528    3940.94  12982.5  0.696443  800.82   5224.97  0.846732   1.0000    1.0000           1.0000
T0620-D1  rbT0620-D1  281    281         2279     2279          281    281         2293     2293          21089.9  137114   0.846187     6898.77  65476.2  0.894637    16853.3  71637.4  0.764741  1832.94  12671.9  0.855354   7298.07  72926.2  0.899925  2380.78  45171.7  0.947295  6091.61  27754.4  0.780517  457.242  2504.49  0.817431  15499    64187.5  0.758535    5104.36  20304.5  0.748609    11678.5  43883    0.733872  1747.74  10167.5  0.828105   1.0000    1.0000           1.0000
T0629-D2  rbT0629-D2  159    159         1116     1116          159    159         1116     1116          4524.77  42646.8  0.893901     2109.69  29041.6  0.927356    3117.05  13605.2  0.770893  961.152  18570    0.948242   2053.83  31095.8  0.933951  816.362  22130.8  0.963112  1646.27  8965.07  0.816368  500.263  6003.44  0.916671  3031.56  11551    0.737549    1596.33  6910.87  0.769012    1611.26  4640.11  0.652753  805.662  12566.5  0.935888   1.0000    1.0000           1.0000
T0566-D1  rbT0566-D1  143    143         1181     1181          143    143         1200     1200          9317.39  67060.7  0.86106      2663.94  33275.6  0.919943    7531.8   33785.1  0.777068  1386.34  8364.28  0.834255   2706.39  36601.7  0.926058  888.536  24021.3  0.963011  2267.49  12580.4  0.819759  293.311  1485.46  0.802544  7302.5   30459    0.760252    2003.96  9254.24  0.783455    5732.14  21204.8  0.729677  1287.87  6878.82  0.812778   1.0000    1.0000           1.0000
T0553-D1  rbT0553-D1  63     63          498      498           63     63          498      498           4669.15  27244.7  0.828621     1411.5   14991.4  0.905846    3594.13  12253.3  0.706679  804.668  4349.24  0.814987   1505.9   16182.1  0.906941  510.671  11073.9  0.953885  1231.24  5108.22  0.758969  193.256  944.132  0.795308  3480.21  11062.5  0.685405    1077.96  3917.47  0.724834    2554.85  7145.04  0.64243   679.725  3405.11  0.800381   1.0000    1.0000           1.0000
T0613-D1  rbT0613-D1  275    275         2197     2197          275    275         2201     2201          15263.1  128336   0.881069     4495.53  63982.3  0.929738    12362.1  64353.8  0.807904  1802.24  14312.7  0.874081   4722.08  70806.4  0.93331   1642.21  45352.8  0.96379   3914.52  25453.6  0.84621   408.28   2808.42  0.854623  11509.2  57529.7  0.799944    3312.76  18629.6  0.822177    8965.6   38900.1  0.769523  1669.81  11504.3  0.854853   1.0000    1.0000           1.0000
T0560-D1  rbT0560-D1  64     64          493      493           64     64          493      493           4259.54  27416.2  0.844634     1394.5   15326    0.909011    3333.81  12090.2  0.724255  509.629  4274.99  0.880788   1327.17  16578.8  0.919948  441.169  11408.7  0.96133   1175.08  5170.1   0.772716  137.036  865.124  0.8416    3306.24  10837.4  0.694924    1102.03  3917.34  0.71868     2376.51  6920.1   0.656579  500.662  3409.87  0.853173   1.0000    1.0000           1.0000
T0540-D1  rbT0540-D1  90     90          716      716           90     90          716      716           4775.9   39536.1  0.879202     1488.36  19561.7  0.923914    4043.51  19974.4  0.797566  583.206  5486.05  0.893693   1483.58  21654.7  0.931489  599.775  13893.7  0.956831  1324.66  7761.01  0.829319  147.869  1345.14  0.890072  3730.77  17881.4  0.791361    1064.17  5668.02  0.81225     2883.68  12213.4  0.763893  513.479  4140.91  0.875999   1.0000    1.0000           1.0000
T0515-D1  rbT0515-D1  348    348         2748     2748          348    348         2769     2769          23146.5  164771   0.859523     7261.63  83069.7  0.912584    18621    81701.5  0.772085  2505.84  16249.8  0.845793   7473.12  91707.4  0.918511  2459.32  59403    0.958599  6360.87  32304.3  0.803095  584.75   3274.78  0.821438  17305.3  73063.9  0.763148    5417.95  23666.7  0.771073    13305.8  49397.2  0.730636  2270.23  12975.1  0.825031   1.0000    1.0000           1.0000
T0614-D1  rbT0614-D1  71     71          566      566           71     71          566      566           3990.48  31291.8  0.872475     1137.36  15537.8  0.9268      3270     15754    0.792435  542.252  4367.63  0.875848   1347.91  17317.7  0.922166  482.145  11023.5  0.956262  1060.66  6294.23  0.831487  121.256  951.303  0.872537  3068.81  13974.1  0.780393    806.974  4514.28  0.82124     2399.77  9459.81  0.74632   480.048  3416.33  0.859484   1.0000    1.0000           1.0000
T0557-D1  rbT0557-D1  120    120         919      919           120    120         919      919           7697.53  53084.9  0.854996     2473.53  27682.4  0.910646    5999.28  25402.5  0.763831  945.829  6746.84  0.859812   2586.67  30540.8  0.915304  850.886  19873.4  0.957185  2089.17  10667.4  0.804153  244.099  1558.97  0.843423  5555.89  22544.1  0.753555    1848.94  7809.07  0.763232    4134.35  14735.1  0.719421  871.733  5187.87  0.831967   1.0000    1.0000           1.0000
T0589-D2  rbT0589-D2  82     82          644      644           82     82          648      648           3513.95  35454.6  0.900889     1137.41  19928.3  0.942925    2776.51  15526.3  0.821174  555.044  5637.88  0.901551   1165.21  21496.2  0.945795  402.933  15095    0.973307  927.74   6401.26  0.855069  142.348  945.24   0.849405  2607.59  13958.4  0.813188    890.996  4833.34  0.815656    1987.46  9125.03  0.782197  559.811  4692.64  0.880704   1.0000    1.0000           1.0000
T0574-D1  rbT0574-D1  102    102         749      749           102    102         759      759           5291.74  41006.1  0.870952     1699.46  22136.5  0.923228    4100.91  18869.5  0.78267   874.25   6473.03  0.86494    1772.35  24847.4  0.928671  675.899  15893.6  0.957473  1423.2   8953.83  0.841051  232.585  1548.93  0.849842  3880.55  16158.7  0.759847    1217.18  6242.95  0.805031    2792.39  9915.72  0.718388  772.849  4924.11  0.843048   1.0000    1.0000           1.0000
T0552-D1  rbT0552-D1  73     73          599      599           73     73          599      599           4653.79  31469.6  0.852118     1330.34  15323.4  0.913182    3723.17  16146.2  0.769408  572.96   4862.54  0.882169   1450.97  17099.1  0.915144  487.305  10983.1  0.955632  1276.49  6116.02  0.791288  174.082  1210.98  0.856248  3565.68  14370.4  0.751873    1077.54  4340.25  0.751734    2639.19  10030.2  0.736875  547.31   3651.56  0.850116   1.0000    1.0000           1.0000
T0602-D1  rbT0602-D1  55     55          437      437           55     55          437      437           3843.2   23187.6  0.834256     1264.73  13674.9  0.907515    2618.87  9512.67  0.724697  545.543  4335.81  0.874177   1129.25  14776.4  0.923578  303.406  10177.6  0.970189  977.515  4598.86  0.787444  114.229  471.579  0.757772  2638.48  8411.19  0.686313    1025.79  3497.39  0.706698    1787.12  4913.8   0.636306  491.725  3864.24  0.87275    1.0000    1.0000           1.0000
T0544-D1  rbT0544-D1  135    135         1085     1085          135    135         1085     1085          9547.95  63997.9  0.850808     2432.95  32834.6  0.925903    8116.42  31163.3  0.739552  1062.85  7358.21  0.855556   2617.21  35718.3  0.926726  848.126  23750.4  0.96429   2192.75  11967.9  0.81678   223.109  1541.41  0.855256  7729.94  28279.7  0.726661    1832.58  9084.23  0.798268    6403.08  19195.4  0.666427  998.35   5816.8   0.828368   1.0000    1.0000           1.0000
T0538-D1  rbT0538-D1  53     53          434      434           53     53          434      434           3722.53  23679.7  0.842796     951.767  12779.3  0.925523    2959.03  10900.3  0.728537  538.821  3883.42  0.861251   1027.67  14058    0.926898  344.044  9308.91  0.963041  933.694  4749.09  0.803395  104.577  591.762  0.823279  2844.26  9621.64  0.70439     806.49   3470.42  0.76761     2118.16  6151.22  0.655652  499.187  3291.66  0.848348   1.0000    1.0000           1.0000
T0529-D2  rbT0529-D2  193    193         1523     1523          193    193         1523     1523          12206.8  89484    0.863587     3513.27  45145.1  0.922178    10033.4  44338.9  0.773712  1305.28  9927.5   0.868519   3575.12  49601.1  0.927923  1390.11  32972.9  0.957841  2907.04  16628.3  0.825174  294.896  2214.76  0.866849  9520.18  39882.9  0.761297    2548.14  12172.3  0.79066     7575.76  27710.7  0.726612  1212.99  7712.74  0.84273    1.0000    1.0000           1.0000
T0532-D1  rbT0532-D1  470    470         3739     3739          470    470         3755     3755          30677.4  236232   0.870139     8640.41  116370   0.925751    25257.9  119862   0.789276  2531.47  18128    0.860356   8923.23  127671   0.930108  2802.63  81912.2  0.965785  7553.4   45759.2  0.834931  527.421  3893.91  0.864552  23738.1  108561   0.781339    6559.98  34457.8  0.809623    18934    74103.1  0.744491  2266.85  14234.1  0.840745   1.0000    1.0000           1.0000
T0586-D1  rbT0586-D1  80     80          640      640           80     80          640      640           4722.8   35919.2  0.868516     1258.07  18867.7  0.933322    3871.23  17051.5  0.772968  540.474  5306.47  0.898148   1251.03  20617.1  0.939321  347.494  13957.9  0.975104  1103.68  6659.22  0.834263  143.855  1127.97  0.872465  3640.6   15302    0.762084    966.768  4909.77  0.803093    2906.05  10392.3  0.720364  538.234  4178.5   0.87119    1.0000    1.0000           1.0000
T0548-D2  rbT0548-D2  60     60          491      491           60     60          491      491           2915.97  25320.5  0.884838     871.319  14249.8  0.938854    2243.01  11070.8  0.797393  495.241  4894.03  0.898807   898.261  15354.4  0.941498  313.338  10618.4  0.970491  763.401  4736.02  0.83881   104.581  781.117  0.866114  2124.47  9966.14  0.786831    679.335  3631.4   0.812928    1542.85  6334.74  0.756446  468.25   4112.92  0.886151   1.0000    1.0000           1.0000
T0547-D4  rbT0547-D4  56     56          459      459           56     56          459      459           2894.52  23431.2  0.876467     1037.54  13259.8  0.921753    2407.38  10171.4  0.763319  446.263  4709.11  0.905234   969.175  14332.6  0.932379  370.641  9798.3   0.962173  880.313  4534.26  0.805853  98.2757  715.177  0.862586  2273.23  9098.65  0.750157    759.038  3461.53  0.780722    1735.73  5637.12  0.692089  447.394  3993.93  0.887982   1.0000    1.0000           1.0000
T0518-D1  rbT0518-D1  256    256         2032     2032          256    256         2031     2031          13654.7  123090   0.889067     4369.91  60350.1  0.927591    11182.2  62739.7  0.821768  1196.62  11471.8  0.89569    4401.74  67034.4  0.934336  1664.42  42169.5  0.96053   3662.41  24864.9  0.852708  316.059  2477.24  0.872415  10482.4  56055.3  0.812998    3089.83  18180.5  0.830047    8188.2   37874.8  0.783809  1149.17  8994.52  0.872237   1.0000    1.0000           1.0000
T0593-D1  rbT0593-D1  195    195         1559     1559          195    195         1559     1559          13812.2  92886.5  0.8513       3750.08  46462.3  0.919288    11591.7  46424.2  0.75031   1371.1   9805.93  0.860177   4014.14  51458.3  0.921992  1373.28  33660.3  0.959202  3445.52  17798    0.80641   281.954  2004.4   0.859333  10602.2  41428.2  0.744083    2751.59  12802.1  0.785067    8632.09  28626.1  0.698454  1297.83  7801.53  0.833644   1.0000    1.0000           1.0000
T0559-D1  rbT0559-D1  67     67          523      523           67     67          523      523           4130.77  29141.8  0.858253     1222.13  15981    0.923526    3357.6   13160.9  0.74488   641.158  4526.06  0.858341   1384.93  17392.7  0.920373  482.558  11659.7  0.958613  1120.03  5733.02  0.804635  175.587  911.601  0.807386  3167.43  11749.1  0.730411    915.496  4321.23  0.78814     2445.49  7427.87  0.670769  554.371  3614.46  0.846624   1.0000    1.0000           1.0000
T0517-D1  rbT0517-D1  159    159         1246     1246          159    159         1268     1268          7690.45  73118.3  0.894822     2477.54  38575    0.935773    6151.89  34543.3  0.821908  1227.6   8946.32  0.862781   2600.16  42434.4  0.938725  899.704  28007.1  0.967876  2191.44  14427.3  0.848105  278.013  1330.51  0.791047  5804.63  30683.9  0.810825    1933.98  10567.9  0.816994    4312.51  20116    0.785618  1145.88  7615.81  0.849539   1.0000    1.0000           1.0000
T0612-D1  rbT0612-D1  106    106         816      816           106    106         823      823           5858.95  44322.7  0.867811     2060.28  22362.3  0.907868    4538.63  21960.4  0.793327  792.792  6759.85  0.88272    2241.66  25224.4  0.911131  875.892  15842    0.944711  1703     9382.44  0.81849   166.802  1622.62  0.897202  4168.08  19098.3  0.781756    1422.12  6520.33  0.781894    3006.16  12578    0.760998  685.84   5137.23  0.866496   1.0000    1.0000           1.0000
T0573-D1  rbT0573-D1  254    254         1998     1998          254    254         2000     2000          12527.7  121221   0.896654     3655.12  60481.5  0.939566    10297.6  60739.2  0.830461  1337.02  11879.6  0.887453   3757.71  66381.1  0.943392  1231.37  44063.2  0.972055  3175.73  22317.8  0.857704  280.842  2859.49  0.901786  9643.34  54839.6  0.824154    2708.39  16418.2  0.835038    7679.69  38421.4  0.800119  1248.88  9020.15  0.861545   1.0000    1.0000           1.0000
T0550-D2  rbT0550-D2  162    162         1319     1319          162    162         1321     1321          9836.75  75122.5  0.869057     2977.85  36421    0.918238    8183.63  38701.5  0.788545  1026.48  9266.83  0.889231   3140.02  40683.2  0.922818  1143.54  25769.6  0.955624  2595.49  14913.6  0.825965  228.223  1801.74  0.873332  7563.83  34439.3  0.780372    2183.83  10651.4  0.794973    5931.96  23787.9  0.750631  968.812  7465.09  0.870221   1.0000    1.0000           1.0000
T0604-D3  rbT0604-D3  205    205         1531     1531          205    205         1549     1549          12313.3  92956.5  0.867537     4156.63  48959.6  0.915101    9749.49  43996.8  0.778405  1208.4   9508.01  0.872907   4061.07  54104.7  0.924941  1485.07  34426.7  0.956863  3435.95  19678    0.825391  314.913  2125.18  0.851818  9243.77  38851.8  0.762076    3138.54  14533    0.78404     6852.96  24318.8  0.718203  1087.48  7382.83  0.852701   1.0000    1.0000           1.0000
T0534-D1  rbT0534-D1  178    178         1402     1402          178    178         1407     1407          9436.01  84633.2  0.888507     2615.48  43564.7  0.939963    7679.19  41068.4  0.813015  919.097  8942.29  0.897219   2745.4   47801.8  0.942567  724.169  30922.7  0.976581  2369.23  16879.1  0.859635  184.339  1715.28  0.892531  7463.2   36831.3  0.797368    2182.78  12642    0.82734     5846.05  24189.3  0.758321  872.957  7227.01  0.879209   1.0000    1.0000           1.0000
T0555-D1  rbT0555-D1  134    134         1086     1086          134    134         1086     1086          8544.46  60369.3  0.858464     2637.53  32155.8  0.917976    6688.29  28213.5  0.76294   1448.74  8634.52  0.832216   2527.61  35246.4  0.928287  850.577  23785.8  0.96424   2105.05  11460.6  0.816322  309.759  1494.76  0.79277   6370.62  25123    0.746422    1909.24  8369.98  0.771894    4888.31  16753    0.708212  1316.07  7139.76  0.815671   1.0000    1.0000           1.0000
T0567-D1  rbT0567-D1  135    135         1011     1011          135    135         1083     1083          11445.7  59790.4  0.808569     3779.4   32659.9  0.88428     8968.21  27130.5  0.669442  1636.41  7059.65  0.768202   3849.32  35862.9  0.892666  1393.82  23828.5  0.941506  3152.8   12034.4  0.738018  321.799  1368.61  0.764872  8288.57  23927.5  0.653597    2666.08  8831.47  0.698116    6080.68  15096    0.5972    1535.1   5691.04  0.73026    1.0000    1.0000           1.0000
T0609-D1  rbT0609-D1  335    335         2695     2695          335    335         2700     2700          20265.4  162136   0.87501      5723.3   77536.2  0.926185    17171.4  84600.3  0.797029  1840.85  14815.8  0.875751   5739.75  86597.4  0.933719  2153.79  54111.2  0.960197  4912.39  32486.2  0.848785  380.714  2810.63  0.864545  16120.6  75539.1  0.786593    4228.07  23425    0.819506    12911.4  52114.1  0.752247  1722.31  12005.1  0.856536   1.0000    1.0000           1.0000
T0606-D1  rbT0606-D1  120    120         933      933           120    120         943      943           6525.95  53714.2  0.878506     2088.43  27833.2  0.924966    5210.19  25880.9  0.798686  838.231  6494.83  0.870939   2283.15  30853.7  0.926001  708.674  19997.1  0.964561  1970.25  10856.6  0.818521  183.989  1307.29  0.85926   4738.19  22860.5  0.792734    1551.05  7836.15  0.802065    3562     15024.3  0.762918  787.519  5187.53  0.84819    1.0000    1.0000           1.0000
T0608-D1  rbT0608-D1  89     89          739      739           89     89          740      740           5964.49  41805.4  0.857327     1634.38  21552.3  0.924167    4917.56  20253.1  0.757195  619.802  5601.12  0.889343   1761.06  23457    0.924924  442.389  15776    0.971958  1571.01  7681.06  0.79547   142.6    1050.14  0.864208  4391.47  18348.3  0.760661    1264.6   5776.29  0.78107     3475.96  12572.1  0.723517  526.123  4550.98  0.884393   1.0000    1.0000           1.0000
T0621-D1  rbT0621-D1  169    169         1358     1358          169    169         1358     1358          7949.16  76351    0.895887     2498.95  38360.4  0.934856    6655.93  37990.5  0.8248    998.736  9770.87  0.897784   2485.74  42347.8  0.941302  1031.28  27858.4  0.962981  2133.47  14489.4  0.852756  236.302  2008.91  0.882373  6217.28  34003.2  0.817156    1746.1   10502    0.833737    4903.59  23501.2  0.791347  898.832  7761.96  0.8842     1.0000    1.0000           1.0000
T0603-D1  rbT0603-D1  260    260         1981     1981          260    260         1989     1989          14312.6  118432   0.879148     4240.47  62542.2  0.932198    11683    55889.3  0.790962  1672.37  13099.5  0.872334   4754.29  68624.8  0.93072   1505.33  45948.2  0.967239  3980.5   22676.5  0.824466  418.898  2960.52  0.858505  10662.7  49806.7  0.785918    3053.72  16593.9  0.815974    8309.06  33212.8  0.749824  1506.44  10139    0.851421   1.0000    1.0000           1.0000
T0597-D1  rbT0597-D1  359    359         2835     2835          359    359         2941     2941          23540.9  171584   0.862802     6839.84  85206.2  0.919726    19130.1  86377.5  0.77853   3464.36  16863.1  0.794559   7247.25  93341.4  0.922358  2399.46  60742.8  0.960498  6109.65  32598.6  0.812579  722.784  3674.76  0.803311  17925.3  78242.3  0.7709      5127.62  24463.4  0.790397    13947.5  53778.9  0.74065   3106.46  13188.3  0.764454   1.0000    1.0000           1.0000
T0521-D2  rbT0521-D2  70     70          583      583           70     70          586      586           3728.48  30881    0.879263     1055.32  16805    0.937202    3060.81  14076.1  0.782552  661.416  5210.33  0.873057   958.762  17981.9  0.946682  351.968  12416.4  0.971653  785.648  5565.49  0.858836  112.385  908.916  0.876353  2960.48  12899.2  0.770491    826.726  4388.6   0.81162     2341.68  8510.58  0.724851  653.53   4301.41  0.848066   1.0000    1.0000           1.0000
T0570-D1  rbT0570-D1  233    233         1873     1873          233    233         1887     1887          15077.6  114778   0.868636     4501.26  56396    0.920185    12273.2  58381.9  0.789778  1522.59  10552.6  0.855715   4574.52  62367.7  0.926652  1519.61  40141.3  0.962144  3884.8   22226.3  0.825216  260.673  1965.62  0.867384  11566.9  52410.2  0.7793      3350.61  16254.6  0.793868    9092.07  36155.5  0.748529  1475.3   8587.02  0.828195   1.0000    1.0000           1.0000
T0550-D1  rbT0550-D1  143    143         1138     1138          143    143         1157     1157          9184.27  63514.5  0.855399     2980.56  31914    0.906607    7335.18  31600.5  0.767878  1373.43  8338.79  0.835296   3162.62  35233    0.910237  1092.3   22602.7  0.951674  2589.77  12630.3  0.794956  300.336  1728.73  0.826267  6764.35  28281.5  0.760821    2081.49  9311.35  0.776456    5254.72  18970.2  0.723     1217.27  6610.07  0.815846   1.0000    1.0000           1.0000
T0588-D1  rbT0588-D1  381    381         3028     3028          381    381         3033     3033          22751.4  188407   0.879244     6185.5   95184.2  0.935015    19192.6  93223.1  0.794122  2300.69  16456.7  0.860198   6425.7   103762   0.938073  2050.11  68311    0.969989  5447.25  35451.1  0.846345  426.372  3122.48  0.863451  18099.2  84645.2  0.786175    4658.32  26873.2  0.826656    14807.6  57772    0.743689  2161.34  13334.3  0.837911   1.0000    1.0000           1.0000
T0529-D1  rbT0529-D1  322    322         2507     2507          322    322         2507     2507          18725.6  152335   0.877077     5716.18  78423.3  0.927111    15160.5  73911.8  0.794883  1889.56  14962    0.87371    6094.84  86331.4  0.929402  2002.41  55862.1  0.964154  5086.66  30469.2  0.833056  410.652  2760.29  0.851229  14020.6  66003.7  0.787578    4339.95  22561.2  0.807636    10970.9  43442.6  0.747463  1785.43  12201.8  0.853674   1.0000    1.0000           1.0000
T0626-D1  rbT0626-D1  282    282         2275     2275          282    282         2282     2282          17168    133050   0.870966     4859.49  66096.8  0.926479    14385    66953.6  0.785151  2147.37  14159.2  0.848341   4910.35  72812.2  0.932561  1723.17  47422.1  0.963663  4214.48  25390.1  0.834011  454.01   2591.37  0.8248    13604    60238.2  0.774163    3607.54  18674.7  0.806821    10884.7  41563.5  0.738118  2007.29  11567.8  0.826476   1.0000    1.0000           1.0000
T0551-D1  rbT0551-D1  63     63          510      510           63     63          510      510           3379.46  27218.7  0.87584      1049.74  14117.2  0.925641    2651.76  13101.5  0.797599  419.685  4539.87  0.907556   1143.37  15610.4  0.926756  416.816  10239    0.959291  927.625  5371.42  0.827304  96.3979  919.461  0.895158  2450.29  11608.3  0.788919    735.953  3878.21  0.810234    1762.03  7730.07  0.772055  375.882  3620.41  0.896177   1.0000    1.0000           1.0000
T0635-D1  rbT0635-D1  161    161         1242     1242          161    161         1242     1242          8106.11  74519.5  0.891222     2517.72  38932.4  0.935331    6437.27  35587.1  0.819112  820.12   7859.02  0.895646   2551.05  42915.9  0.940557  876.014  28147    0.968877  2164.53  14768.9  0.85344   176.697  1582.69  0.888356  6118.93  31603.6  0.806385    1908.68  10785.5  0.823032    4634.29  20818.2  0.777392  786.603  6276.33  0.874672   1.0000    1.0000           1.0000
T0542-D1  rbT0542-D1  301    301         2284     2284          301    301         2284     2284          19375    138967   0.860579     5911.49  71127.6  0.916889    15333.2  67839.5  0.773978  1758.19  12722.1  0.8618     6157.78  78968.4  0.922022  2112.17  50958.8  0.958551  5078.81  28009.6  0.818676  488.792  2957.45  0.834725  14581.6  59998.8  0.756968    4336.76  20168.8  0.784977    11108    39830    0.721115  1492.75  9764.6   0.847126   1.0000    1.0000           1.0000
T0628-D1  rbT0628-D1  144    144         1097     1097          144    144         1097     1097          8056.74  64164.3  0.874436     2378.77  33477.9  0.928945    6382.33  30686.4  0.792014  816.702  7589.04  0.892384   2543.39  36924.4  0.931119  838.652  24396.6  0.965624  2132.77  12527.8  0.829757  235.808  1830.69  0.871192  5981.03  27239.9  0.780431    1794.31  9081.24  0.802416    4490.44  18158.6  0.752711  731.898  5758.35  0.872898   1.0000    1.0000           1.0000
T0558-D1  rbT0558-D1  272    272         2093     2093          272    272         2118     2118          12932.8  128134   0.899068     4379.65  62607.4  0.930046    10313.3  65526.6  0.842609  1663.18  11619.2  0.856859   4396.48  70133.5  0.937313  1640.43  43616    0.962389  3536.68  26517.5  0.866629  334.254  2986.42  0.888075  9594.93  58000.5  0.834571    3129.71  18991.4  0.835203    7259.7   39009.1  0.813897  1452.53  8632.75  0.831742   1.0000    1.0000           1.0000
T0545-D1  rbT0545-D1  131    131         1058     1058          131    131         1058     1058          9344.03  61423.2  0.847875     2929.32  31427.9  0.906792    7291.1   29995.3  0.756925  1308.26  7513.87  0.825887   2972.92  34450.2  0.913704  987.06   22642.6  0.956407  2453.42  11807.6  0.792216  300.529  1630.87  0.815725  6952.01  26973    0.742261    2140.82  8785.3   0.756318    5243.83  18187.7  0.711683  1130.62  5883.01  0.807816   1.0000    1.0000           1.0000
T0542-D2  rbT0542-D2  265    265         2020     2020          265    265         2020     2020          17390.5  120541   0.855729     5622.5   64409.2  0.912707    13520.5  56131.5  0.759128  2021.46  13149.3  0.846269   5558.64  70527.1  0.921184  1941.65  46783.9  0.958497  4593.23  23743.2  0.806546  442.677  2834.82  0.843843  12992    50013.7  0.740231    4215.49  17625.4  0.760829    9631.71  32388.3  0.702618  1803.96  10314.4  0.825104   1.0000    1.0000           1.0000
T0562-D1  rbT0562-D1  123    123         969      969           123    123         969      969           10817.8  55542.8  0.805234     3476.32  28517    0.878096    8681.96  27025.8  0.678753  1046.77  6844.94  0.847073   3465.79  31506    0.889996  1259.2   19801.3  0.936408  2789.86  11704.8  0.761647  230.458  1615     0.857302  8122.11  24036.8  0.662096    2426.83  8715.69  0.721557    6354     15321.1  0.585277  1053.41  5229.94  0.79858    1.0000    1.0000           1.0000
T0579-D2  rbT0579-D2  64     64          489      489           64     64          489      489           3604.04  26930.8  0.866174     1135.29  14042.8  0.919155    2885.9   12888    0.776078  503.395  4056.24  0.875896   1322.73  15613.8  0.915285  438.419  10106.6  0.95662   1079.24  5507.25  0.804032  125.921  1083.06  0.883735  2710.8   11317    0.760466    851.315  3936.24  0.783724    2024.88  7380.72  0.725652  515.337  2973.18  0.826672   1.0000    1.0000           1.0000
T0592-D1  rbT0592-D1  137    137         1085     1085          137    137         1085     1085          7760.42  60179.8  0.871046     2470.73  32568    0.924136    6327.34  27611.8  0.770847  1116.87  8902.76  0.874548   2487.61  35701    0.930321  865.263  23979.8  0.963917  2140.32  11721.2  0.817398  231.062  1542.85  0.850237  5882.91  24478.8  0.759673    1857.66  8588.2   0.783697    4618.03  15890.6  0.709385  1032.29  7359.91  0.859742   1.0000    1.0000           1.0000
T0537-D2  rbT0537-D2  31     31          254      254           31     31          253      253           2084.72  12704.7  0.83591      651.895  7240.77  0.909969    1666.6   5463.89  0.69498   351.907  2746.19  0.871856   580.415  7800.86  0.925596  172.646  5262.95  0.967196  492.85   2537.91  0.805804  90.0696  512.421  0.824228  1704.19  4903.8   0.652476    503.063  1977.82  0.745647    1295.9   2925.99  0.557105  282.186  2233.77  0.873673   1.0000    1.0000           1.0000
T0619-D1  rbT0619-D1  101    101         843      843           101    101         843      843           7100.59  48468.6  0.853501     1969.53  24745.8  0.920409    5786.56  23722.8  0.756077  772.937  5879.7   0.868541   2073.64  27013.2  0.923236  609.2    18021.8  0.966197  1768.26  8991.41  0.803339  184.012  918.304  0.799618  5480.26  21455.4  0.744575    1541.44  6723.99  0.770755    4374.62  14731.4  0.703042  719.762  4961.4   0.854928   1.0000    1.0000           1.0000
T0629-D1  rbT0629-D1  57     57          436      436           57     57          435      435           2348.69  24208.5  0.902981     897.812  12703.4  0.929325    1721.77  11505.1  0.850348  317.675  3807.3   0.916562   875.825  14003.9  0.937458  338.491  8893.42  0.961939  735.94   5110.45  0.855993  71.5259  961.472  0.925608  1618.03  10204.6  0.841441    651.609  3809.94  0.828971    1067.97  6394.69  0.832991  265.456  2845.83  0.906721   1.0000    1.0000           1.0000
T0568-D1  rbT0568-D1  120    120         944      944           120    120         951      951           7509.98  53794.9  0.860396     2225.45  26101.2  0.914738    6266.22  27693.7  0.773731  852.894  6743.93  0.873532   2324.69  29581.2  0.921413  810.811  18114    0.955238  2026.79  11467.2  0.823254  240.418  1644.21  0.853779  5827.53  24213.6  0.759328    1634.48  7987.14  0.795361    4600.22  16226.5  0.716499  752.999  5099.72  0.852345   1.0000    1.0000           1.0000
T0572-D1  rbT0572-D1  86     86          644      644           86     86          644      644           4605.15  32795.8  0.859581     1705.62  17912.5  0.904781    3653.65  14883.3  0.754513  750.862  5872.38  0.872137   1941.68  20187.3  0.903816  791.109  12562.7  0.937027  1626.68  7624.57  0.786653  230.717  1156.75  0.800548  3328.64  12608.5  0.736       1193.13  5349.79  0.776976    2300.25  7258.7   0.683105  661.611  4715.64  0.859699   1.0000    1.0000           1.0000
T0616-D1  rbT0616-D1  97     97          804      804           97     97          807      807           5761.76  40754.9  0.858624     1626.02  22554    0.927906    4615.22  18200.9  0.746429  846.973  8203.39  0.896753   1632.95  24493.6  0.933331  568.121  16444.7  0.965453  1369.78  8048.83  0.829816  190.9    1295.53  0.852647  4553.88  16261.3  0.719956    1200.36  6109.3   0.803519    3578.01  10152    0.647558  839.253  6907.86  0.878508   1.0000    1.0000           1.0000
T0553-D2  rbT0553-D2  71     71          583      583           71     71          583      583           4391.94  31773.8  0.861775     1257.72  17063.1  0.92629     3704.39  14710.7  0.748183  819.344  4900.44  0.832802   1228.02  18339.1  0.933038  421.133  12608.8  0.9666    1078.9   5730.29  0.811719  117.839  856.445  0.862409  3585.86  13434.7  0.73309     1010.31  4454.31  0.773184    2859.34  8980.38  0.681602  785.831  4043.99  0.805679   1.0000    1.0000           1.0000
T0643-D1  rbT0643-D1  73     73          591      591           73     73          591      591           5002.66  32747.1  0.847233     1298.99  17377.4  0.925248    3935.42  15369.6  0.743948  551.469  4847.4   0.886234   1438.23  18848.9  0.923697  411.094  12762.5  0.967789  1208.31  6086.38  0.801473  170.918  875.245  0.80472   3757.25  13898.2  0.729659    1018     4614.92  0.779412    2862.95  9283.26  0.6916    515.726  3972.16  0.870165   1.0000    1.0000           1.0000
T0600-D1  rbT0600-D1  59     59          484      484           59     59          484      484           4058.46  24969.7  0.837465     1113.8   13662.4  0.918476    3262.19  11307.3  0.711498  541.825  4725.42  0.885338   1149.95  14910.2  0.922875  391.3    10160.2  0.961487  1000.66  4750.03  0.789335  141.674  969.06   0.853803  3220.4   10059.5  0.679864    826.969  3502.19  0.763871    2405.84  6557.31  0.633106  480.419  3756.36  0.872105   1.0000    1.0000           1.0000
T0604-D2  rbT0604-D2  249    249         1906     1906          249    249         1924     1924          16213.1  115054   0.859083     4996.84  60960.1  0.918031    12734.4  54094.3  0.764588  2000.12  11924.4  0.832266   5062.14  66567.7  0.923955  1893.8   44407.2  0.957354  4216.58  22160.5  0.809725  452.028  2599.2   0.82609   11947.7  48486.7  0.753587    3586.51  16552.9  0.78333     9019     31933.8  0.717572  1781.24  9325.18  0.808986   1.0000    1.0000           1.0000
T0520-D1  rbT0520-D1  173    173         1357     1357          173    173         1357     1357          10671.7  77619.6  0.862513     3580.84  39958.6  0.910386    8696.47  37661    0.769085  1285.65  10013.6  0.871609   3669.36  44496    0.917535  1333.22  28825.5  0.953749  3039.46  15670.5  0.806039  395.273  1976.74  0.800038  8189.5   33123.6  0.752759    2685.48  11133.1  0.758784    6177.59  21990.5  0.719079  1154.42  8036.84  0.856359   1.0000    1.0000           1.0000
T0584-D1  rbT0584-D1  338    338         2533     2533          338    338         2533     2533          20793.2  155126   0.86596      5828.46  85196.7  0.931588    16551.8  69929.8  0.763308  2145.86  15567.6  0.862158   6059.08  93137.2  0.934945  1998.82  62987.2  0.968266  5055.44  30150    0.832323  481.515  2933.34  0.835847  15821.1  61989.3  0.744776    4546.3   22209.5  0.795299    12238.1  39779.8  0.692354  1915.27  12634.3  0.848406   1.0000    1.0000           1.0000
T0617-D1  rbT0617-D1  136    136         1085     1085          136    136         1085     1085          7896.73  59674.1  0.867669     2262.01  33023.5  0.931503    6307.41  26650.5  0.763329  1232.15  9594.93  0.871583   2244.19  35887.8  0.937467  710.427  24728.4  0.971271  1868.15  11159.5  0.832595  206.126  1380.4   0.850677  6143.46  23786.2  0.741722    1684.7   8295.15  0.796906    4859.11  15491.1  0.686328  1158.33  8214.52  0.85899    1.0000    1.0000           1.0000
T0533-D1  rbT0533-D1  199    199         1456     1456          199    199         1484     1484          9126.9   87768.5  0.896012     3121.22  45989.8  0.932132    7076.58  41778.7  0.830618  1208.04  9373.83  0.871126   3170.07  51298.1  0.938203  1161.43  32840.5  0.964634  2661.01  18457.6  0.855831  312.973  2374.46  0.868192  6491.66  36470.4  0.822002    2277.68  13149.3  0.826783    4644.68  23321.1  0.800838  1092.26  6999.38  0.843949   1.0000    1.0000           1.0000
T0548-D1  rbT0548-D1  35     35          296      296           35     35          296      296           1951.83  14927.5  0.869245     636.081  7836.59  0.918832    1448.46  7090.89  0.795729  205.683  3155.43  0.934816   644.809  8584.47  0.924887  211.889  5521.84  0.961627  548.104  3062.64  0.821035  83.0621  600.501  0.861679  1399.82  6343     0.779312    483.431  2314.75  0.791152    1000.86  4028.25  0.75154   211.094  2554.93  0.917378   1.0000    1.0000           1.0000
T0585-D1  rbT0585-D1  212    212         1662     1662          212    212         1662     1662          12661.4  100866   0.874473     3737.93  50991.6  0.926695    10461.9  49874.8  0.790236  1338.32  9667.93  0.861571   3987.33  56490.9  0.929416  1206.56  36184.2  0.966655  3376.78  20306.6  0.833711  309.874  1802.12  0.82805   9730.29  44375.6  0.780729    2855.99  14807.4  0.807124    7694.11  29568.2  0.739784  1186.16  7865.81  0.849201   1.0000    1.0000           1.0000
T0543-D2  rbT0543-D2  45     45          345      345           45     45          345      345           2516.38  18990.8  0.867495     681.086  10443.1  0.934781    2193.75  8547.69  0.743352  373.033  3102.59  0.879767   694.518  11310.1  0.938593  276.755  7936.03  0.965127  624.649  3374.04  0.814866  75.9254  859.159  0.911628  2006.86  7680.72  0.738714    452.755  2507.07  0.819408    1673.29  5173.65  0.676574  318.184  2243.43  0.85817    1.0000    1.0000           1.0000
T0543-D4  rbT0543-D4  312    312         2539     2539          312    312         2542     2542          19477.2  151758   0.871656     5950.95  73252.3  0.918761    15899.6  78505.8  0.797472  2025.41  14774.8  0.862914   6304.17  80959.3  0.922132  1991.23  50769.4  0.960779  5334.38  30189.9  0.823306  485.609  3025.86  0.839513  14772.1  70798.8  0.79135     4520.69  22482.8  0.798927    11462.8  48315.9  0.762754  1821.34  11748.9  0.844978   1.0000    1.0000           1.0000
T0571-D2  rbT0571-D2  135    135         1036     1036          135    135         1049     1049          7307.2   59518.3  0.877228     2334.16  30258.6  0.92286     5841.31  29259.7  0.800363  972.739  7150.58  0.863964   2438.85  33652.2  0.927528  839.568  21950.2  0.961751  1999.85  11702    0.829102  198.076  1487.09  0.866803  5359.59  25866.1  0.792795    1700.97  8308.44  0.795272    4041.73  17557.7  0.769803  900.434  5663.49  0.841011   1.0000    1.0000           1.0000
