target group1 group2 GDT_TS_1 GDT_TS_2 AA_1 AA_2 interface_AA_1 interface_AA_2
521 80 173 0.40179 0.40327 0.643073 0.615873 0.428069 0.284575
521 215 173 0.40179 0.40327 0.643073 0.615873 0.428069 0.284575
528 1 214 0.57008 0.57547 0.588579 0.550809 0.366898 0.348675
528 127 214 0.5748 0.57547 0.604141 0.550809 0.390259 0.348675
528 166 214 0.57345 0.57547 0.58112 0.550809 0.351999 0.348675
528 228 173 0.53437 0.55054 0.625275 0.571275 0.311829 0.250283
528 321 314 0.58895 0.58962 0.63658 0.584462 0.351273 0.34371
533 2 129 0.60948 0.61193 0.630472 0.61294 0.600455 0.48817
533 2 245 0.60948 0.64542 0.630472 0.601048 0.600455 0.342606
533 2 275 0.60948 0.6152 0.630472 0.619395 0.600455 0.309362
533 47 56 0.61765 0.63889 0.641524 0.636576 0.456951 0.338177
533 47 80 0.61765 0.62337 0.641524 0.636686 0.456951 0.291486
533 47 245 0.61765 0.64542 0.641524 0.601048 0.456951 0.342606
533 77 214 0.61438 0.62173 0.634982 0.588989 0.51656 0.470688
533 77 245 0.61438 0.64542 0.634982 0.601048 0.51656 0.342606
533 119 275 0.60703 0.6152 0.628078 0.619395 0.337459 0.309362
533 166 18 0.5866 0.5915 0.611883 0.576542 0.363215 0.34655
533 248 275 0.59967 0.6152 0.634379 0.619395 0.335849 0.309362
533 286 214 0.61438 0.62173 0.634982 0.588989 0.51656 0.470688
533 286 245 0.61438 0.64542 0.634982 0.601048 0.51656 0.342606
533 291 245 0.60376 0.64542 0.63249 0.601048 0.407938 0.342606
533 307 18 0.58824 0.5915 0.610107 0.576542 0.350445 0.34655
533 321 56 0.59804 0.63889 0.648137 0.636576 0.577863 0.338177
533 321 102 0.59804 0.60703 0.648137 0.628467 0.577863 0.550501
533 321 127 0.59804 0.60784 0.648137 0.614905 0.577863 0.50939
533 321 129 0.59804 0.61193 0.648137 0.61294 0.577863 0.48817
533 321 245 0.59804 0.64542 0.648137 0.601048 0.577863 0.342606
533 345 18 0.5866 0.5915 0.61621 0.576542 0.366134 0.34655
533 345 307 0.5866 0.58824 0.61621 0.610107 0.366134 0.350445
533 346 56 0.63644 0.63889 0.664902 0.636576 0.502973 0.338177
533 346 245 0.63644 0.64542 0.664902 0.601048 0.502973 0.342606
533 380 245 0.62745 0.64542 0.624174 0.601048 0.365414 0.342606
533 428 245 0.61928 0.64542 0.626876 0.601048 0.360772 0.342606
533 449 56 0.63644 0.63889 0.664902 0.636576 0.502973 0.338177
533 449 245 0.63644 0.64542 0.664902 0.601048 0.502973 0.342606
533 453 56 0.63644 0.63889 0.664902 0.636576 0.502973 0.338177
533 453 245 0.63644 0.64542 0.664902 0.601048 0.502973 0.342606
534 2 1 0.08121 0.09393 0.42033 0.341736 0.119266 0.0942336
534 2 56 0.08121 0.09393 0.42033 0.341735 0.119266 0.0942341
534 2 127 0.08121 0.08686 0.42033 0.394224 0.119266 0.0893332
534 2 208 0.08121 0.08263 0.42033 0.324994 0.119266 0.0837362
534 2 213 0.08121 0.08263 0.42033 0.243979 0.119266 0.0368236
534 2 273 0.08121 0.09393 0.42033 0.341735 0.119266 0.0942341
534 2 291 0.08121 0.09534 0.42033 0.391187 0.119266 0.101927
534 2 296 0.08121 0.08969 0.42033 0.33659 0.119266 0.097268
534 2 452 0.08121 0.08333 0.42033 0.360202 0.119266 0.0707863
534 80 1 0.08121 0.09393 0.42033 0.341736 0.119266 0.0942336
534 80 56 0.08121 0.09393 0.42033 0.341735 0.119266 0.0942341
534 80 127 0.08121 0.08686 0.42033 0.394224 0.119266 0.0893332
534 80 208 0.08121 0.08263 0.42033 0.324994 0.119266 0.0837362
534 80 213 0.08121 0.08263 0.42033 0.243979 0.119266 0.0368236
534 80 273 0.08121 0.09393 0.42033 0.341735 0.119266 0.0942341
534 80 291 0.08121 0.09534 0.42033 0.391187 0.119266 0.101927
534 80 296 0.08121 0.08969 0.42033 0.33659 0.119266 0.097268
534 80 452 0.08121 0.08333 0.42033 0.360202 0.119266 0.0707863
534 119 1 0.08121 0.09393 0.42033 0.341736 0.119266 0.0942336
534 119 56 0.08121 0.09393 0.42033 0.341735 0.119266 0.0942341
534 119 127 0.08121 0.08686 0.42033 0.394224 0.119266 0.0893332
534 119 208 0.08121 0.08263 0.42033 0.324994 0.119266 0.0837362
534 119 213 0.08121 0.08263 0.42033 0.243979 0.119266 0.0368236
534 119 273 0.08121 0.09393 0.42033 0.341735 0.119266 0.0942341
534 119 291 0.08121 0.09534 0.42033 0.391187 0.119266 0.101927
534 119 296 0.08121 0.08969 0.42033 0.33659 0.119266 0.097268
534 119 452 0.08121 0.08333 0.42033 0.360202 0.119266 0.0707863
534 215 1 0.08121 0.09393 0.42033 0.341736 0.119266 0.0942336
534 215 56 0.08121 0.09393 0.42033 0.341735 0.119266 0.0942341
534 215 127 0.08121 0.08686 0.42033 0.394224 0.119266 0.0893332
534 215 208 0.08121 0.08263 0.42033 0.324994 0.119266 0.0837362
534 215 213 0.08121 0.08263 0.42033 0.243979 0.119266 0.0368236
534 215 273 0.08121 0.09393 0.42033 0.341735 0.119266 0.0942341
534 215 291 0.08121 0.09534 0.42033 0.391187 0.119266 0.101927
534 215 296 0.08121 0.08969 0.42033 0.33659 0.119266 0.097268
534 215 452 0.08121 0.08333 0.42033 0.360202 0.119266 0.0707863
534 248 213 0.08051 0.08263 0.365071 0.243979 0.0582287 0.0368236
534 428 26 0.10805 0.10946 0.467357 0.235733 0.107681 0.0464222
537 127 174 0.10693 0.10988 0.345099 0.322731 0.219492 0.199809
542 2 291 0.55414 0.60211 0.629431 0.554299 0.386458 0.366952
542 2 314 0.55414 0.60255 0.629431 0.555149 0.386458 0.34565
542 171 214 0.37148 0.37852 0.584791 0.5751 0.16129 0.160919
542 215 291 0.55414 0.60211 0.629431 0.554299 0.386458 0.366952
542 215 314 0.55414 0.60255 0.629431 0.555149 0.386458 0.34565
542 345 119 0.35519 0.35563 0.588077 0.585327 0.170812 0.144376
547 2 307 0.48756 0.48799 0.578068 0.497056 0.37693 0.342913
547 80 307 0.48756 0.48799 0.578068 0.497056 0.37693 0.342913
547 119 307 0.48756 0.48799 0.581578 0.497056 0.36446 0.342913
547 215 307 0.48756 0.48799 0.581578 0.497056 0.36446 0.342913
547 452 18 0.47513 0.48199 0.554459 0.467363 0.341701 0.332248
548 127 208 0.49211 0.50526 0.521715 0.483512 0.357211 0.0922064
548 215 319 0.51842 0.53947 0.533381 0.498113 0.248039 0.0746988
548 380 208 0.49737 0.50526 0.61865 0.483512 0.374822 0.0922064
553 1 47 0.28172 0.28545 0.541281 0.445756 0.0650177 0.0549397
553 2 47 0.27425 0.28545 0.523476 0.445756 0.0748997 0.0549397
553 2 103 0.27425 0.27612 0.523476 0.462622 0.0748997 0.0684098
553 2 345 0.27425 0.27612 0.523476 0.453088 0.0748997 0.0590368
553 80 296 0.23694 0.23881 0.482231 0.417353 0.020276 0.0127548
553 119 47 0.27425 0.28545 0.523476 0.445756 0.0748997 0.0549397
553 119 103 0.27425 0.27612 0.523476 0.462622 0.0748997 0.0684098
553 119 345 0.27425 0.27612 0.523476 0.453088 0.0748997 0.0590368
553 127 304 0.1791 0.18097 0.428 0.345127 0.036005 0.0223153
553 215 47 0.27425 0.28545 0.523476 0.445756 0.0748997 0.0549397
553 215 103 0.27425 0.27612 0.523476 0.462622 0.0748997 0.0684098
553 215 345 0.27425 0.27612 0.523476 0.453088 0.0748997 0.0590368
553 236 47 0.26306 0.28545 0.51247 0.445756 0.0556437 0.0549397
553 264 304 0.17537 0.18097 0.363122 0.345127 0.0324308 0.0223153
571 26 208 0.06349 0.06667 0.340392 0.325921 0.227909 0.203503
571 102 208 0.06032 0.06667 0.345683 0.325921 0.250914 0.203503
571 173 208 0.0627 0.06667 0.355552 0.325921 0.252054 0.203503
571 229 208 0.0619 0.06667 0.340473 0.325921 0.254685 0.203503
571 314 208 0.05873 0.06667 0.379864 0.325921 0.24161 0.203503
571 345 208 0.06429 0.06667 0.355613 0.325921 0.243118 0.203503
575 56 420 0.50926 0.54282 0.607783 0.544014 0.442581 0.425644
575 56 471 0.50926 0.54282 0.607783 0.544014 0.442581 0.425644
575 56 476 0.50926 0.54282 0.607783 0.544014 0.442581 0.425644
575 63 250 0.4919 0.49653 0.608736 0.523275 0.499541 0.468334
575 77 420 0.50116 0.54282 0.605624 0.544014 0.438876 0.425644
575 77 471 0.50116 0.54282 0.605624 0.544014 0.438876 0.425644
575 77 476 0.50116 0.54282 0.605624 0.544014 0.438876 0.425644
575 103 166 0.51157 0.52083 0.619433 0.605664 0.53995 0.481872
575 103 304 0.51157 0.5162 0.619433 0.59735 0.53995 0.450936
575 103 314 0.51157 0.53356 0.619433 0.597976 0.53995 0.468919
575 103 420 0.51157 0.54282 0.619433 0.544014 0.53995 0.425644
575 103 471 0.51157 0.54282 0.619433 0.544014 0.53995 0.425644
575 103 476 0.51157 0.54282 0.619433 0.544014 0.53995 0.425644
575 119 304 0.50463 0.5162 0.613506 0.59735 0.472212 0.450936
575 119 420 0.50463 0.54282 0.613506 0.544014 0.472212 0.425644
575 119 471 0.50463 0.54282 0.613506 0.544014 0.472212 0.425644
575 119 476 0.50463 0.54282 0.613506 0.544014 0.472212 0.425644
575 165 250 0.4919 0.49653 0.592278 0.523275 0.476202 0.468334
575 171 250 0.43981 0.49653 0.582984 0.523275 0.472652 0.468334
575 174 420 0.53588 0.54282 0.615287 0.544014 0.470626 0.425644
575 174 471 0.53588 0.54282 0.615287 0.544014 0.470626 0.425644
575 174 476 0.53588 0.54282 0.615287 0.544014 0.470626 0.425644
575 208 420 0.52662 0.54282 0.626668 0.544014 0.45575 0.425644
575 208 471 0.52662 0.54282 0.626668 0.544014 0.45575 0.425644
575 208 476 0.52662 0.54282 0.626668 0.544014 0.45575 0.425644
575 236 345 0.54051 0.56481 0.643612 0.604839 0.50179 0.499014
575 236 420 0.54051 0.54282 0.643612 0.544014 0.50179 0.425644
575 236 471 0.54051 0.54282 0.643612 0.544014 0.50179 0.425644
575 236 476 0.54051 0.54282 0.643612 0.544014 0.50179 0.425644
575 276 420 0.51505 0.54282 0.60874 0.544014 0.444517 0.425644
575 276 471 0.51505 0.54282 0.60874 0.544014 0.444517 0.425644
575 276 476 0.51505 0.54282 0.60874 0.544014 0.444517 0.425644
575 286 420 0.50116 0.54282 0.605624 0.544014 0.438876 0.425644
575 286 471 0.50116 0.54282 0.605624 0.544014 0.438876 0.425644
575 286 476 0.50116 0.54282 0.605624 0.544014 0.438876 0.425644
575 346 304 0.51389 0.5162 0.644217 0.59735 0.475541 0.450936
575 346 314 0.51389 0.53356 0.644217 0.597976 0.475541 0.468919
575 346 420 0.51389 0.54282 0.644217 0.544014 0.475541 0.425644
575 346 471 0.51389 0.54282 0.644217 0.544014 0.475541 0.425644
575 346 476 0.51389 0.54282 0.644217 0.544014 0.475541 0.425644
575 366 213 0.46759 0.47569 0.61136 0.565395 0.520223 0.517677
575 366 250 0.46759 0.49653 0.61136 0.523275 0.520223 0.468334
575 428 420 0.53935 0.54282 0.645346 0.544014 0.51551 0.425644
575 428 471 0.53935 0.54282 0.645346 0.544014 0.51551 0.425644
575 428 476 0.53935 0.54282 0.645346 0.544014 0.51551 0.425644
575 449 304 0.51389 0.5162 0.644217 0.59735 0.475541 0.450936
575 449 314 0.51389 0.53356 0.644217 0.597976 0.475541 0.468919
575 449 420 0.51389 0.54282 0.644217 0.544014 0.475541 0.425644
575 449 471 0.51389 0.54282 0.644217 0.544014 0.475541 0.425644
575 449 476 0.51389 0.54282 0.644217 0.544014 0.475541 0.425644
575 453 304 0.51389 0.5162 0.644217 0.59735 0.475541 0.450936
575 453 314 0.51389 0.53356 0.644217 0.597976 0.475541 0.468919
575 453 420 0.51389 0.54282 0.644217 0.544014 0.475541 0.425644
575 453 471 0.51389 0.54282 0.644217 0.544014 0.475541 0.425644
575 453 476 0.51389 0.54282 0.644217 0.544014 0.475541 0.425644
579 63 165 0.34274 0.35081 0.460014 0.449402 0.207373 0.195807
579 213 428 0.40927 0.4496 0.519719 0.511218 0.236361 0.22019
579 275 208 0.35282 0.35887 0.505606 0.443295 0.187527 0.178736
579 366 165 0.34274 0.35081 0.460014 0.449402 0.207373 0.195807
582 173 366 0.42986 0.44231 0.536257 0.454959 0.152347 0.105648
586 74 117 0.71008 0.73319 0.703239 0.665448 0.390112 0.345944
586 74 174 0.71008 0.7542 0.703239 0.643007 0.390112 0.339044
586 102 18 0.76471 0.76891 0.735987 0.683242 0.452827 0.335889
586 102 26 0.76471 0.77311 0.735987 0.686991 0.452827 0.399206
586 103 18 0.70588 0.76891 0.725969 0.683242 0.466545 0.335889
586 103 26 0.70588 0.77311 0.725969 0.686991 0.466545 0.399206
586 103 165 0.70588 0.72689 0.725969 0.625838 0.466545 0.409515
586 103 409 0.70588 0.7605 0.725969 0.697076 0.466545 0.413026
586 119 174 0.68277 0.7542 0.701326 0.643007 0.378328 0.339044
586 173 117 0.71008 0.73319 0.76278 0.665448 0.478519 0.345944
586 173 174 0.71008 0.7542 0.76278 0.643007 0.478519 0.339044
586 214 18 0.7479 0.76891 0.697381 0.683242 0.472791 0.335889
586 214 174 0.7479 0.7542 0.697381 0.643007 0.472791 0.339044
586 215 174 0.68277 0.7542 0.701326 0.643007 0.378328 0.339044
586 236 208 0.7416 0.77941 0.727068 0.716382 0.229516 0.214981
586 248 174 0.67647 0.7542 0.716165 0.643007 0.355909 0.339044
586 321 436 0.63025 0.67647 0.72088 0.663686 0.347716 0.283176
589 26 307 0.58295 0.62761 0.600072 0.588199 0.492905 0.473344
589 56 1 0.5406 0.59049 0.632204 0.609459 0.512825 0.494684
589 56 307 0.5406 0.62761 0.632204 0.588199 0.512825 0.473344
589 103 165 0.4536 0.4826 0.624193 0.548141 0.527447 0.461261
589 129 307 0.58701 0.62761 0.629924 0.588199 0.489864 0.473344
589 166 307 0.62297 0.62761 0.619521 0.588199 0.523586 0.473344
589 208 307 0.56961 0.62761 0.619673 0.588199 0.508008 0.473344
589 244 165 0.4623 0.4826 0.621539 0.548141 0.505873 0.461261
589 275 307 0.59281 0.62761 0.61157 0.588199 0.524512 0.473344
589 346 1 0.58063 0.59049 0.639669 0.609459 0.593946 0.494684
589 346 26 0.58063 0.58295 0.639669 0.600072 0.593946 0.492905
589 346 127 0.58063 0.64269 0.639669 0.621339 0.593946 0.590779
589 346 275 0.58063 0.59281 0.639669 0.61157 0.593946 0.524512
589 346 291 0.58063 0.64385 0.639669 0.609687 0.593946 0.511499
589 346 304 0.58063 0.61891 0.639669 0.603944 0.593946 0.495928
589 346 307 0.58063 0.62761 0.639669 0.588199 0.593946 0.473344
589 380 1 0.57947 0.59049 0.65214 0.609459 0.513673 0.494684
589 380 26 0.57947 0.58295 0.65214 0.600072 0.513673 0.492905
589 380 129 0.57947 0.58701 0.65214 0.629924 0.513673 0.489864
589 380 213 0.57947 0.63341 0.65214 0.623508 0.513673 0.501326
589 380 291 0.57947 0.64385 0.65214 0.609687 0.513673 0.511499
589 380 304 0.57947 0.61891 0.65214 0.603944 0.513673 0.495928
589 380 307 0.57947 0.62761 0.65214 0.588199 0.513673 0.473344
589 428 1 0.58005 0.59049 0.647884 0.609459 0.520069 0.494684
589 428 26 0.58005 0.58295 0.647884 0.600072 0.520069 0.492905
589 428 213 0.58005 0.63341 0.647884 0.623508 0.520069 0.501326
589 428 291 0.58005 0.64385 0.647884 0.609687 0.520069 0.511499
589 428 304 0.58005 0.61891 0.647884 0.603944 0.520069 0.495928
589 428 307 0.58005 0.62761 0.647884 0.588199 0.520069 0.473344
589 449 1 0.58063 0.59049 0.63967 0.609459 0.593947 0.494684
589 449 26 0.58063 0.58295 0.63967 0.600072 0.593947 0.492905
589 449 127 0.58063 0.64269 0.63967 0.621339 0.593947 0.590779
589 449 275 0.58063 0.59281 0.63967 0.61157 0.593947 0.524512
589 449 291 0.58063 0.64385 0.63967 0.609687 0.593947 0.511499
589 449 304 0.58063 0.61891 0.63967 0.603944 0.593947 0.495928
589 449 307 0.58063 0.62761 0.63967 0.588199 0.593947 0.473344
589 452 307 0.58643 0.62761 0.651245 0.588199 0.489762 0.473344
589 453 1 0.58063 0.59049 0.63967 0.609459 0.593947 0.494684
589 453 26 0.58063 0.58295 0.63967 0.600072 0.593947 0.492905
589 453 127 0.58063 0.64269 0.63967 0.621339 0.593947 0.590779
589 453 275 0.58063 0.59281 0.63967 0.61157 0.593947 0.524512
589 453 291 0.58063 0.64385 0.63967 0.609687 0.593947 0.511499
589 453 304 0.58063 0.61891 0.63967 0.603944 0.593947 0.495928
589 453 307 0.58063 0.62761 0.63967 0.588199 0.593947 0.473344
596 18 250 0.48132 0.51437 0.59501 0.520034 0.230742 0.218876
596 55 103 0.56466 0.59052 0.646092 0.607216 0.423643 0.269005
596 55 129 0.56466 0.59914 0.646092 0.606672 0.423643 0.304318
596 55 166 0.56466 0.64368 0.646092 0.631242 0.423643 0.283001
596 55 174 0.56466 0.56753 0.646092 0.603911 0.423643 0.296595
596 55 208 0.56466 0.60345 0.646092 0.570756 0.423643 0.221626
596 55 214 0.56466 0.64655 0.646092 0.611991 0.423643 0.41432
596 55 276 0.56466 0.65086 0.646092 0.628753 0.423643 0.399553
596 55 380 0.56466 0.64799 0.646092 0.63231 0.423643 0.399216
596 55 476 0.56466 0.62787 0.646092 0.620081 0.423643 0.301327
596 119 56 0.54167 0.56466 0.630779 0.617359 0.254256 0.239498
596 173 1 0.60489 0.64368 0.669519 0.634832 0.426306 0.371465
596 173 26 0.60489 0.63649 0.669519 0.627151 0.426306 0.335141
596 173 77 0.60489 0.64799 0.669519 0.644062 0.426306 0.359061
596 173 127 0.60489 0.64368 0.669519 0.641507 0.426306 0.379474
596 173 165 0.60489 0.64943 0.669519 0.651175 0.426306 0.352616
596 173 166 0.60489 0.64368 0.669519 0.631242 0.426306 0.283001
596 173 214 0.60489 0.64655 0.669519 0.611991 0.426306 0.41432
596 173 273 0.60489 0.64368 0.669519 0.634832 0.426306 0.371465
596 173 276 0.60489 0.65086 0.669519 0.628753 0.426306 0.399553
596 173 286 0.60489 0.64799 0.669519 0.644062 0.426306 0.359061
596 173 346 0.60489 0.6523 0.669519 0.632608 0.426306 0.316272
596 173 380 0.60489 0.64799 0.669519 0.63231 0.426306 0.399216
596 173 428 0.60489 0.6408 0.669519 0.634661 0.426306 0.384213
596 173 449 0.60489 0.6523 0.669519 0.632608 0.426306 0.316272
596 173 453 0.60489 0.6523 0.669519 0.632608 0.426306 0.316272
596 173 476 0.60489 0.62787 0.669519 0.620081 0.426306 0.301327
596 236 476 0.61207 0.62787 0.656304 0.620081 0.323691 0.301327
596 307 250 0.47557 0.51437 0.575925 0.520034 0.233668 0.218876
600 55 47 0.44811 0.45283 0.676666 0.606481 0.369317 0.284997
600 55 63 0.44811 0.45047 0.676666 0.620542 0.369317 0.195973
600 55 171 0.44811 0.45755 0.676666 0.616366 0.369317 0.188082
600 55 173 0.44811 0.45047 0.676666 0.64844 0.369317 0.327788
600 55 366 0.44811 0.45047 0.676666 0.620542 0.369317 0.195973
600 55 409 0.44811 0.45047 0.676666 0.614581 0.369317 0.204819
600 55 420 0.44811 0.45755 0.676666 0.616366 0.369317 0.188082
600 55 471 0.44811 0.45755 0.676666 0.616366 0.369317 0.188082
600 55 476 0.44811 0.45755 0.676666 0.616366 0.369317 0.188082
600 77 436 0.46934 0.4717 0.646953 0.618574 0.422343 0.232448
600 127 428 0.46462 0.46698 0.659972 0.640497 0.330898 0.240579
600 127 436 0.46462 0.4717 0.659972 0.618574 0.330898 0.232448
600 173 171 0.45047 0.45755 0.64844 0.616366 0.327788 0.188082
600 173 420 0.45047 0.45755 0.64844 0.616366 0.327788 0.188082
600 173 471 0.45047 0.45755 0.64844 0.616366 0.327788 0.188082
600 173 476 0.45047 0.45755 0.64844 0.616366 0.327788 0.188082
600 174 171 0.45047 0.45755 0.645696 0.616366 0.348267 0.188082
600 174 420 0.45047 0.45755 0.645696 0.616366 0.348267 0.188082
600 174 471 0.45047 0.45755 0.645696 0.616366 0.348267 0.188082
600 174 476 0.45047 0.45755 0.645696 0.616366 0.348267 0.188082
600 213 428 0.46462 0.46698 0.649243 0.640497 0.332582 0.240579
600 213 436 0.46462 0.4717 0.649243 0.618574 0.332582 0.232448
600 244 428 0.45991 0.46698 0.653561 0.640497 0.405308 0.240579
600 286 436 0.46934 0.4717 0.646953 0.618574 0.422343 0.232448
600 307 436 0.45755 0.4717 0.638451 0.618574 0.333011 0.232448
600 321 428 0.46462 0.46698 0.702411 0.640497 0.313323 0.240579
600 346 436 0.46934 0.4717 0.640166 0.618574 0.415562 0.232448
600 449 436 0.46934 0.4717 0.640166 0.618574 0.415562 0.232448
600 452 436 0.46698 0.4717 0.656081 0.618574 0.396421 0.232448
600 453 436 0.46934 0.4717 0.640166 0.618574 0.415562 0.232448
604 457 2 0.25796 0.25843 0.450529 0.431555 0.0472711 0.0313299
604 457 119 0.25796 0.25843 0.450529 0.431555 0.0472711 0.0313299
604 457 215 0.25796 0.26592 0.450529 0.420533 0.0472711 0.0311656
604 457 244 0.25796 0.2603 0.450529 0.42554 0.0472711 0.0467576
608 166 1 0.381 0.383 0.445394 0.400397 0.0363123 0.0338677
608 166 273 0.381 0.383 0.445394 0.400397 0.0363123 0.0338677
608 215 366 0.386 0.387 0.478332 0.431147 0.035238 0.0291117
608 236 208 0.387 0.388 0.470293 0.408117 0.0299601 0.0273035
608 321 476 0.373 0.378 0.450525 0.385172 0.0451182 0.0241242
611 2 56 0.49138 0.51232 0.605875 0.571413 0.286424 0.28366
611 2 420 0.49138 0.51724 0.605875 0.509442 0.286424 0.224191
611 2 471 0.49138 0.51724 0.605875 0.509442 0.286424 0.224191
611 80 56 0.49138 0.51232 0.605875 0.571413 0.286424 0.28366
611 80 420 0.49138 0.51724 0.605875 0.509442 0.286424 0.224191
611 80 471 0.49138 0.51724 0.605875 0.509442 0.286424 0.224191
611 119 56 0.49138 0.51232 0.605875 0.571413 0.286424 0.28366
611 119 420 0.49138 0.51724 0.605875 0.509442 0.286424 0.224191
611 119 471 0.49138 0.51724 0.605875 0.509442 0.286424 0.224191
611 127 171 0.42734 0.46182 0.564865 0.481067 0.318546 0.277507
611 127 476 0.42734 0.46182 0.564865 0.481074 0.318546 0.244072
611 166 245 0.42857 0.4766 0.577986 0.545062 0.258124 0.214613
611 166 296 0.42857 0.4335 0.577986 0.494028 0.258124 0.222757
611 166 436 0.42857 0.46182 0.577986 0.460031 0.258124 0.2133
611 166 476 0.42857 0.46182 0.577986 0.481074 0.258124 0.244072
611 213 165 0.42734 0.42857 0.52915 0.468344 0.268896 0.21024
611 213 296 0.42734 0.4335 0.52915 0.494028 0.268896 0.222757
611 213 436 0.42734 0.46182 0.52915 0.460031 0.268896 0.2133
611 213 476 0.42734 0.46182 0.52915 0.481074 0.268896 0.244072
611 215 56 0.49138 0.51232 0.605875 0.571413 0.286424 0.28366
611 215 420 0.49138 0.51724 0.605875 0.509442 0.286424 0.224191
611 215 471 0.49138 0.51724 0.605875 0.509442 0.286424 0.224191
611 236 245 0.46182 0.4766 0.620299 0.545062 0.254206 0.214613
611 244 409 0.45567 0.48399 0.597793 0.555762 0.272193 0.260849
611 244 436 0.45567 0.46182 0.597793 0.460031 0.272193 0.2133
611 244 476 0.45567 0.46182 0.597793 0.481074 0.272193 0.244072
611 291 476 0.4298 0.46182 0.580961 0.481074 0.262294 0.244072
628 2 207 0.31186 0.3161 0.474132 0.416535 0.187926 0.134785
628 63 207 0.3 0.3161 0.476682 0.416535 0.17931 0.134785
628 63 213 0.3 0.31271 0.476682 0.471953 0.17931 0.121002
628 80 207 0.31186 0.3161 0.474132 0.416535 0.187926 0.134785
628 119 207 0.31186 0.3161 0.470035 0.416535 0.18358 0.134785
628 173 213 0.31186 0.31271 0.498287 0.471953 0.175218 0.121002
628 215 207 0.31186 0.3161 0.474132 0.416535 0.187926 0.134785
628 307 26 0.29831 0.3 0.493456 0.441183 0.182608 0.0520106
628 307 207 0.29831 0.3161 0.493456 0.416535 0.182608 0.134785
628 307 213 0.29831 0.31271 0.493456 0.471953 0.182608 0.121002
628 366 207 0.3 0.3161 0.476682 0.416535 0.17931 0.134785
628 366 213 0.3 0.31271 0.476682 0.471953 0.17931 0.121002
628 457 77 0.32797 0.3322 0.484289 0.460687 0.212032 0.173841
628 457 276 0.32797 0.3322 0.484289 0.460687 0.212032 0.173841
628 457 286 0.32797 0.3322 0.484289 0.460687 0.212032 0.173841
