target group GDT_TS
515 26 0.64368
516 129 0.70595
517 63 0.59434
518 321 0.66211
520 165 0.71243
521 236 0.70714
522 250 0.85687
523 165 0.7027
524 245 0.6176
525 218 0.57927
526 166 0.6069
527 250 0.68687
528 276 0.66875
529 345 0.14896
530 208 0.66875
531 213 0.27155
532 80 0.58404
533 245 0.70352
534 166 0.16051
536 245 0.62366
537 47 0.25262
538 264 0.74528
539 26 0.65441
540 166 0.45
541 214 0.73039
542 127 0.6196
543 166 0.50401
544 63 0.22778
545 218 0.61832
547 229 0.42857
548 165 0.53571
550 321 0.17284
551 218 0.36905
552 213 0.44521
553 245 0.3838
555 236 0.24067
557 55 0.50417
558 457 0.41268
559 26 0.66418
560 236 0.70312
561 346 0.21523
562 80 0.27033
563 26 0.64364
564 75 0.39754
565 26 0.5403
566 296 0.65909
567 56 0.70185
568 420 0.28958
569 245 0.44872
570 307 0.69635
571 103 0.18333
572 129 0.40988
573 245 0.68898
574 420 0.41422
575 380 0.65551
576 296 0.37594
578 75 0.18412
579 26 0.42188
580 77 0.72115
581 174 0.22619
582 244 0.57645
584 215 0.63166
585 345 0.63443
586 321 0.80769
588 208 0.38386
589 55 0.70614
590 207 0.66667
591 244 0.69671
592 119 0.65146
593 213 0.59103
594 215 0.74107
596 250 0.68868
597 173 0.65808
598 171 0.50197
599 321 0.77316
600 171 0.75424
601 345 0.76188
602 18 0.80455
603 275 0.44904
604 289 0.2761
605 1 0.66327
606 56 0.45
607 321 0.55224
608 250 0.38975
609 476 0.57239
610 129 0.6179
611 345 0.69811
612 63 0.40566
613 321 0.8
614 457 0.64437
615 26 0.58621
616 55 0.2732
617 26 0.70404
618 174 0.2057
619 173 0.7104
620 47 0.80783
621 275 0.14053
622 314 0.54098
623 129 0.54011
624 75 0.30072
625 173 0.58258
626 245 0.80762
627 171 0.55738
628 103 0.36632
630 173 0.39646
632 218 0.85965
634 26 0.81075
635 289 0.90839
636 213 0.73821
637 55 0.22037
638 47 0.72052
639 14 0.23589
640 314 0.73068
641 248 0.68729
643 296 0.4589
