target domain group GDT_TS
521 2 380 0.88929
521 1 276 0.81888
522 1 080 0.96374
523 1 166 0.87387
528 1 215 0.89216
530 1 228 0.87188
533 2 346 0.88187
538 1 173 0.93396
541 1 228 0.83578
542 2 236 0.86321
543 1 452 0.84375
543 2 119 0.86667
548 1 321 0.9
559 1 321 0.9403
560 1 173 0.9375
567 1 321 0.81296
570 1 346 0.83262
573 1 346 0.8002
580 1 321 0.88221
582 2 321 0.80556
586 1 103 0.93438
586 2 214 0.91026
589 3 055 0.93883
589 2 452 0.80793
590 1 321 0.81597
594 1 428 0.84286
596 1 047 0.96226
599 1 236 0.86921
600 1 208 0.82627
600 2 001 0.90426
601 1 119 0.85011
602 1 452 0.92273
605 1 307 0.94898
611 1 452 0.97642
613 1 080 0.94091
614 1 236 0.87676
617 1 346 0.81985
619 1 321 0.89109
620 1 346 0.89502
626 1 207 0.89628
632 1 174 0.94298
634 1 321 0.91822
635 1 346 0.99224
636 1 346 0.83491
638 1 380 0.8184
640 1 428 0.80556
