target domain group GDT_TS
515 1 026 0.64368
516 1 129 0.70595
517 1 063 0.59434
518 1 321 0.66211
520 1 165 0.71243
521 1 173 0.6352
521 2 245 0.77857
522 1 250 0.85687
523 1 165 0.7027
524 1 245 0.6176
525 1 218 0.57927
526 1 166 0.6069
527 1 250 0.68687
528 1 074 0.77328
528 2 171 0.56719
529 1 213 0.08463
529 2 380 0.20207
530 1 208 0.66875
531 1 213 0.27155
532 1 080 0.58404
533 1 173 0.64573
533 2 409 0.75824
534 1 229 0.16573
534 2 173 0.15625
536 1 245 0.62366
537 1 001 0.17745
537 2 063 0.34677
538 1 264 0.74528
539 1 026 0.65441
540 1 166 0.45
541 1 214 0.73039
542 1 296 0.56728
542 2 165 0.68302
543 3 173 0.67228
543 1 047 0.43125
543 2 214 0.52778
543 4 063 0.45353
544 1 063 0.22778
545 1 218 0.61832
547 1 102 0.46448
547 2 026 0.65283
547 3 345 0.25949
547 4 428 0.34821
548 1 026 0.49286
548 2 018 0.54583
550 1 471 0.22727
550 2 244 0.12346
551 1 218 0.36905
552 1 213 0.44521
553 1 275 0.4127
553 2 174 0.35211
555 1 236 0.24067
557 1 055 0.50417
558 1 457 0.41268
559 1 026 0.66418
560 1 236 0.70312
561 1 346 0.21523
562 1 080 0.27033
563 1 026 0.64364
564 1 075 0.39754
565 1 026 0.5403
566 1 296 0.65909
567 1 056 0.70185
568 1 420 0.28958
569 1 245 0.44872
570 1 307 0.69635
571 1 214 0.16364
571 2 291 0.16296
572 1 129 0.40988
573 1 245 0.68898
574 1 420 0.41422
575 1 077 0.70238
575 2 314 0.60433
576 1 296 0.37594
578 1 075 0.18412
579 1 307 0.3875
579 2 026 0.42188
580 1 077 0.72115
581 1 174 0.22619
582 1 244 0.57645
582 2 047 0.57071
584 1 215 0.63166
585 1 345 0.63443
586 1 436 0.83438
586 2 102 0.76923
588 1 208 0.38386
589 1 207 0.69627
589 2 314 0.60061
589 3 244 0.82447
590 1 207 0.66667
591 1 244 0.69671
592 1 119 0.65146
593 1 213 0.59103
594 1 215 0.74107
596 1 103 0.86321
596 2 056 0.54132
597 1 173 0.65808
598 1 171 0.50197
599 1 321 0.77316
600 1 018 0.72034
600 2 119 0.79787
601 1 345 0.76188
602 1 018 0.80455
603 1 275 0.44904
604 2 026 0.47892
604 3 018 0.11951
604 1 291 0.26875
605 1 001 0.66327
606 1 056 0.45
607 1 321 0.55224
608 1 366 0.20787
608 2 165 0.52329
609 1 476 0.57239
610 1 129 0.6179
611 1 409 0.87736
611 2 173 0.43624
612 1 063 0.40566
613 1 321 0.8
614 1 457 0.64437
615 1 026 0.58621
616 1 055 0.2732
617 1 026 0.70404
618 1 174 0.2057
619 1 173 0.7104
620 1 047 0.80783
621 1 275 0.14053
622 1 314 0.54098
623 1 129 0.54011
624 1 075 0.30072
625 1 173 0.58258
626 1 245 0.80762
627 1 171 0.55738
628 1 296 0.38368
628 2 129 0.35103
630 1 173 0.39646
632 1 218 0.85965
634 1 026 0.81075
635 1 289 0.90839
636 1 213 0.73821
637 1 055 0.22037
638 1 047 0.72052
639 1 014 0.23589
640 1 314 0.73068
641 1 248 0.68729
643 1 296 0.4589
