target     MP_chains  MP_residues  MP_nucacids  MP_clashscore  MP_pct_badbonds  MP_pct_badangles
2uwmD.pdb  1          23           23           2.71           0.00             17.39
2qusB.pdb  1          69           69           14.89          2.94             29.41
437dA.pdb  1          28           28           3.3            7.41             0.00
1zbhF.pdb  1          16           16           3.95           0.00             6.25
3cpw9.pdb  1          122          122          21.91          0.00             2.46
1fg0A.pdb  1          496          496          41.1           11.49            14.11
1ec6D.pdb  1          20           20           23.51          0.00             0.00
1s03B.pdb  1          47           47           17.85          4.26             72.34
1e7kD.pdb  1          17           17           12.61          0.00             0.00
1u9sA.pdb  1          155          155          42.79          0.00             7.74
361dB.pdb  1          20           20           217.26         10.00            35.00
2dlcY.pdb  1          74           69           4.09           0.00             7.81
3eogA.pdb  1          388          387          52.86          0.00             31.27
2nufD.pdb  1          28           28           9.97           0.00             3.57
1jbrD.pdb  1          31           31           6.97           6.45             3.23
2zniD.pdb  1          72           72           40.07          0.00             33.33
1y699.pdb  1          118          118          52.87          0.00             2.54
2gisA.pdb  1          94           94           33.44          0.00             9.57
2i82H.pdb  1          21           21           10.89          5.00             20.00
1urnQ.pdb  1          21           21           45.32          0.00             66.67
1i6uD.pdb  1          37           37           11.75          0.00             5.41
3f1hB.pdb  1          117          117          26.73          0.00             18.80
1u63D.pdb  1          49           49           45.94          6.12             10.20
1qa6D.pdb  1          58           58           26.22          53.45            91.38
1rlgD.pdb  1          25           25           19.85          0.00             20.00
3f1hA.pdb  1          2879         2879         27.36          0.21             17.33
3gcaA.pdb  1          33           33           51.79          0.00             12.12
1xokA.pdb  1          27           27           7.84           14.81            44.44
2nz4S.pdb  1          141          141          2.67           0.00             12.86
3df3A.pdb  1          1530         1530         35.2           0.00             2.16
387dA.pdb  1          26           26           57.14          0.00             3.85
2ipyD.pdb  1          30           30           20.99          0.00             23.33
1kogP.pdb  1          37           37           31.33          0.00             18.92
3f1gZ.pdb  1          77           77           27.86          0.00             6.49
1zhoH.pdb  1          38           38           16.27          2.63             18.42
6tnaA.pdb  1          76           76           42.98          6.58             25.00
1jidB.pdb  1          29           29           2.13           3.45             3.45
1serT.pdb  1          65           65           4.5            31.25            76.56
1h4sT.pdb  1          67           67           18.45          0.00             13.43
1a9nR.pdb  1          24           24           32.81          0.00             95.83
1mzpB.pdb  1          55           55           14.02          0.00             7.27
1y26X.pdb  1          71           71           9.74           2.82             29.58
2dr2B.pdb  1          75           75           33.98          1.33             2.67
3f30X.pdb  1          109          109          7.41           0.00             3.70
2hooA.pdb  1          83           83           38.39          0.00             2.41
2qwyC.pdb  1          52           52           29.18          0.00             1.92
1q93C.pdb  1          27           27           10.3           0.00             0.00
3e5fA.pdb  1          53           53           9.31           1.92             3.85
1un6F.pdb  1          61           61           16.26          0.00             1.64
2nueC.pdb  1          46           46           24.34          0.00             0.00
1zl3B.pdb  1          22           22           12.82          0.00             22.73
1y39D.pdb  1          58           58           10.21          0.00             5.26
1kxkA.pdb  1          70           70           27.49          0.00             1.43
2w2hS.pdb  1          22           22           80.85          9.09             72.73
2ozbF.pdb  1          33           33           2.83           0.00             54.55
2pjpB.pdb  1          23           23           6.75           30.43            69.57
1ze2D.pdb  1          22           22           16.93          0.00             31.82
2pxvB.pdb  1          49           49           25.87          0.00             0.00
2bh2D.pdb  1          30           30           6.23           10.00            53.33
2bs1S.pdb  1          11           11           54.13          9.09             9.09
2a64A.pdb  1          298          298          33.99          0.00             2.35
1y27X.pdb  1          68           68           6.89           1.49             11.94
1z43A.pdb  1          101          101          72.22          35.64            87.13
2qbzX.pdb  1          153          153          7.94           1.96             34.64
2anrB.pdb  1          25           25           8.72           4.00             12.00
1et4E.pdb  1          35           35           8.83           0.00             5.71
2hvyE.pdb  1          61           57           3.24           0.00             3.51
3traA.pdb  1          72           72           60.02          2.78             94.44
1xjrA.pdb  1          47           47           1.31           4.35             50.00
1ooaD.pdb  1          29           29           55.97          0.00             3.45
2oiuQ.pdb  1          71           71           7.4            5.63             46.48
1mfqA.pdb  1          128          128          32.89          0.00             0.00
1e8oE.pdb  1          50           50           25.39          0.00             6.12
1mjiD.pdb  1          34           34           10.1           0.00             2.94
3dj2A.pdb  1          174          174          2.31           0.57             6.90
1njp5.pdb  1          25           25           25.09          0.00             0.00
2drbB.pdb  1          35           35           41.7           2.86             2.86
1q96C.pdb  1          27           27           3.44           0.00             0.00
1f1tA.pdb  1          38           38           39.97          2.63             13.16
2quxR.pdb  1          25           25           0              0.00             44.00
1kuqB.pdb  1          57           54           33.85          0.00             7.41
1q2sF.pdb  1          20           20           14.47          0.00             21.05
1msyA.pdb  1          27           27           5.77           3.70             37.04
3fu4A.pdb  1          30           29           17.22          0.00             10.34
2il9M.pdb  1          132          132          50.47          0.00             3.03
