Target  Lab          Num  RMSD    RMSD_num  DI_all   DI_all_num  INF_all  INF_all_num  INF_wc  INF_wc_num  INF_nwc  INF_nwc_num  INF_stacking  INF_stacking_num  Clash_score  Clash_score_num  P_value    P_value_num  best_sol
1       bujnicki     1    5.073   11        5.748    8           0.883    6            0.927   7           -2       -2           0.861         6                 0.000        2                2.759e-13  11           1
1       bujnicki     2    5.428   12        6.750    13          0.804    12           0.900   9           -2       -2           0.766         12                71.570       12               1.152e-12  12           1
1       bujnicki     3    4.660   8         5.754    9           0.810    11           0.950   5           -2       -2           0.741         14                54.730       10               4.985e-14  8            1
1       bujnicki     4    4.737   9         6.591    11          0.719    14           0.651   14          -2       -2           0.750         13                83.330       14               6.867e-14  9            1
1       bujnicki     5    4.890   10        6.260    10          0.781    13           0.777   13          -2       -2           0.796         8                 81.980       13               1.301e-13  10           1
1       chen         1    4.113   5         5.008    6           0.821    9            0.872   11          -2       -2           0.796         9                 0.680        6                4.774e-15  5            1
1       das          1    3.575   2         3.894    2           0.918    3            0.953   1           -2       -2           0.911         3                 0.000        3                4.441e-16  2            1
1       das          2    4.340   6         4.703    5           0.923    2            0.950   3           -2       -2           0.911         2                 1.360        7                1.277e-14  6            1
1       das          3    3.413   1         3.657    1           0.934    1            0.953   2           -2       -2           0.924         1                 0.000        4                2.220e-16  1            1
1       das          4    3.907   3         4.307    3           0.907    4            0.906   8           -2       -2           0.908         4                 0.000        5                1.943e-15  3            1
1       das          5    4.563   7         5.362    7           0.851    7            0.878   10          -2       -2           0.838         7                 0.000        1                3.308e-14  7            1
1       dokholyan    1    6.939   14        8.552    14          0.811    10           0.858   12          -2       -2           0.788         10                31.740       8                3.306e-10  14           1
1       major        1    4.064   4         4.567    4           0.890    5            0.949   6           -2       -2           0.873         5                 66.400       11               3.830e-15  4            1
1       santalucia   1    5.688   13        6.750    12          0.843    8            0.950   4           -2       -2           0.785         11                39.860       9                3.203e-12  13           1
2       bujnicki     1    2.653   5         2.993    4           0.886    1            0.961   5           -2       -2           0.861         1                 15.470       3                5.551e-17  5            1
2       bujnicki     2    2.300   1         2.827    1           0.813    8            0.919   9           0.000    4            0.785         7                 14.540       2                0.000e+00  3            1
2       bujnicki     3    2.329   2         2.900    3           0.803    10           0.907   10          0.000    3            0.774         9                 0.620        1                0.000e+00  2            1
2       chen         1    2.830   6         3.739    9           0.757    13           0.904   11          -2       -2           0.694         13                18.660       4                1.110e-16  6            1
2       das          1    2.496   3         2.899    2           0.861    2            0.961   4           0.000    1            0.846         2                 19.800       5                0.000e+00  1            1
2       das          2    3.048   10        3.686    8           0.827    4            0.973   1           0.000    2            0.814         3                 23.510       7                2.776e-16  9            1
2       das          3    3.034   9         3.671    7           0.826    5            0.973   2           0.000    5            0.798         6                 25.370       10               2.776e-16  10           1
2       das          4    2.834   7         3.458    6           0.819    7            0.973   3           0.000    7            0.782         8                 23.820       8                1.110e-16  7            1
2       das          5    3.464   11        4.183    11          0.828    3            0.959   6           0.000    9            0.808         4                 24.750       9                1.887e-15  11           1
2       dokholyan    1    2.543   4         3.089    5           0.823    6            0.904   12          0.000    6            0.799         5                 19.850       6                0.000e+00  4            1
2       major        1    2.980   8         3.819    10          0.780    12           0.946   7           -2       -2           0.707         12                134.260      12               2.220e-16  8            1
2       santalucia   1    3.650   13        4.537    13          0.805    9            0.922   8           -2       -2           0.753         11                25.730       11               4.274e-15  13           1
2       wildauer     1    3.479   12        4.403    12          0.790    11           0.889   13          0.000    8            0.772         10                165.570      13               1.998e-15  12           1
3       bujnicki     1    12.186  4         17.494   5           0.697    7            0.817   10          0.000    10           0.696         7                 14.720       8                8.711e-02  4            2
3       bujnicki     2    14.057  7         22.513   7           0.624    10           0.826   8           0.000    7            0.594         11                5.150        7                3.747e-01  7            2
3       chen         1    7.241   1         9.842    1           0.736    2            0.863   5           0.000    6            0.730         1                 1.100        3                2.010e-05  1            1
3       das          1    15.481  8         20.901   6           0.741    1            0.869   4           0.571    1            0.712         4                 0.000        1                6.814e-01  8            1
3       das          2    12.199  5         16.604   4           0.735    3            0.863   6           0.401    2            0.725         2                 0.740        2                8.826e-02  5            1
3       das          3    16.954  10        23.165   8           0.732    4            0.885   3           0.401    3            0.712         5                 1.470        5                9.015e-01  10           1
3       das          4    18.298  11        26.547   11          0.689    8            0.847   7           0.375    4            0.668         8                 2.210        6                9.792e-01  11           2
3       das          5    11.965  3         16.419   3           0.729    5            0.902   1           0.359    5            0.712         3                 1.100        4                6.923e-02  3            1
3       dokholyan    1    15.920  9         23.279   9           0.684    9            0.898   2           0.000    12           0.664         9                 39.370       9                7.629e-01  9            2
3       dokholyan    2    11.460  2         16.104   2           0.712    6            0.824   9           0.000    9            0.711         6                 41.210       10               3.902e-02  2            1
3       major        1    22.987  12        45.271   12          0.508    12           0.393   12          0.000    11           0.590         12                75.110       11               1.000e+00  12           2
3       major        2    13.701  6         23.331   10          0.587    11           0.667   11          0.000    8            0.609         10                93.520       12               3.026e-01  6            1
4       adamiak      1    4.706   26        8.193    25          0.574    28           0.668   27          0.365    27           0.540         28                25.820       19               0.000e+00  28           2
4       adamiak      2    4.483   18        7.612    24          0.589    26           0.676   26          0.365    26           0.557         26                32.460       21               0.000e+00  20           2
4       adamiak      3    4.342   17        7.540    23          0.576    27           0.660   28          0.183    30           0.553         27                29.270       20               0.000e+00  7            2
4       adamiak      4    6.643   29        13.972   30          0.475    30           0.473   30          0.316    28           0.485         30                87.310       30               2.220e-16  29           2
4       adamiak      5    4.673   25        11.168   28          0.418    31           0.379   31          0.141    31           0.454         31                90.510       31               0.000e+00  9            2
4       bujnicki     1    4.192   13        6.775    12          0.619    20           0.692   20          0.566    6            0.588         20                33.930       22               0.000e+00  16           2
4       bujnicki     2    4.193   14        6.848    14          0.612    23           0.692   21          0.566    7            0.579         23                38.850       26               0.000e+00  19           2
4       bujnicki     3    4.198   16        6.857    16          0.612    22           0.692   18          0.474    20           0.583         22                34.670       23               0.000e+00  12           2
4       bujnicki     4    4.193   15        6.848    15          0.612    24           0.692   24          0.566    8            0.579         24                38.360       25               0.000e+00  25           2
4       bujnicki     5    4.191   12        6.803    13          0.616    21           0.692   16          0.566    5            0.585         21                34.920       24               0.000e+00  6            2
4       chen         10   3.352   3         5.173    3           0.648    7            0.700   13          0.559    13           0.632         6                 4.670        4                0.000e+00  26           2
4       chen         1    3.353   4         5.206    9           0.644    9            0.700   5           0.559    10           0.626         9                 4.920        5                0.000e+00  8            2
4       chen         2    3.347   1         5.178    5           0.646    8            0.700   2           0.527    15           0.632         5                 4.430        2                0.000e+00  2            2
4       chen         3    3.369   9         5.200    8           0.648    6            0.700   8           0.478    18           0.635         3                 5.410        6                0.000e+00  15           2
4       chen         4    3.367   8         5.177    4           0.650    4            0.700   11          0.559    12           0.635         4                 6.150        11               0.000e+00  23           2
4       chen         5    3.367   7         5.184    6           0.650    3            0.700   9           0.598    3            0.631         8                 5.410        7                0.000e+00  17           2
4       chen         6    3.371   10        5.190    7           0.650    5            0.700   12          0.478    19           0.638         2                 4.430        3                0.000e+00  24           2
4       chen         7    3.364   6         5.248    10          0.641    10           0.700   6           0.478    17           0.625         10                6.150        10               0.000e+00  10           2
4       chen         8    3.359   5         5.145    1           0.653    1            0.700   7           0.559    11           0.639         1                 5.660        9                0.000e+00  14           2
4       chen         9    3.351   2         5.158    2           0.650    2            0.700   3           0.598    1            0.631         7                 5.660        8                0.000e+00  4            2
4       das          1    4.498   19        7.183    21          0.626    17           0.692   14          0.447    21           0.609         15                14.280       12               0.000e+00  3            2
4       das          2    4.499   23        7.161    20          0.628    16           0.692   23          0.447    25           0.611         14                14.770       16               0.000e+00  22           2
4       das          3    4.499   20        7.161    17          0.628    13           0.692   17          0.447    22           0.611         11                14.520       14               0.000e+00  11           2
4       das          4    4.499   22        7.161    19          0.628    15           0.692   22          0.447    24           0.611         13                14.280       13               0.000e+00  21           2
4       das          5    4.499   21        7.161    18          0.628    14           0.692   19          0.447    23           0.611         12                14.770       15               0.000e+00  13           2
4       dokholyan    1    5.377   28        8.516    27          0.631    12           0.700   10          0.598    4            0.603         17                19.420       18               0.000e+00  18           2
4       dokholyan    2    5.377   27        8.516    26          0.631    11           0.700   4           0.598    2            0.603         16                19.420       17               0.000e+00  5            2
4       flores       1    7.474   30        12.410   29          0.602    25           0.692   15          0.559    9            0.565         25                49.460       28               1.682e-14  30           2
4       major        1    4.515   24        7.229    22          0.625    18           0.692   25          0.559    14           0.599         18                1.230        1                0.000e+00  27           2
4       mikolajczak  1    12.801  31        25.341   31          0.505    29           0.523   29          0.224    29           0.521         29                40.110       27               1.362e-06  31           2
4       santalucia   1    4.117   11        6.651    11          0.619    19           0.700   1           0.478    16           0.591         19                51.380       29               0.000e+00  1            2
6       Blanchet     1    22.264  14        30.651   10          0.726    3            0.841   14          0.335    1            0.716         3                 1.280        6                6.768e-02  14           1
6       Blanchet     2    21.778  11        30.974   12          0.703    12           0.837   15          0.204    14           0.694         7                 1.100        3                3.896e-02  11           1
6       Blanchet     3    21.379  10        30.813   11          0.694    14           0.853   8           0.204    15           0.672         15                2.200        11               2.359e-02  10           1
6       Blanchet     4    22.304  15        31.611   13          0.706    11           0.864   1           0.204    16           0.686         12                2.020        8                7.070e-02  15           1
6       Blanchet     5    24.294  22        35.962   18          0.676    18           0.834   16          0.102    18           0.661         19                2.020        9                3.574e-01  22           1
6       Blanchet     6    23.341  18        32.940   15          0.709    8            0.864   2           0.250    10           0.684         13                1.100        4                1.854e-01  18           1
6       Blanchet     7    22.319  16        32.181   14          0.694    15           0.853   9           0.289    9            0.664         17                2.020        10               7.184e-02  16           1
6       Bujnicki     1    37.066  33        55.440   32          0.669    19           0.825   20          0.000    26           0.664         18                0.730        1                1.000e+00  31           1
6       Bujnicki     2    30.968  28        46.451   28          0.667    21           0.798   25          0.000    27           0.659         20                2.750        14               9.996e-01  28           1
6       Bujnicki     3    32.166  31        54.940   31          0.585    32           0.681   33          -2       -2           0.584         30                2.200        12               1.000e+00  32           1
6       Bujnicki     4    32.131  30        50.103   29          0.641    26           0.768   29          0.000    28           0.637         24                2.570        13               1.000e+00  33           1
6       Chen         1    24.292  21        40.809   26          0.595    31           0.768   30          0.177    17           0.564         33                1.100        5                3.570e-01  21           1
6       Chen         2    22.261  13        38.282   21          0.581    33           0.694   32          0.224    12           0.568         32                0.730        2                6.748e-02  13           1
6       Chen         3    23.754  20        38.392   22          0.619    29           0.829   19          0.102    19           0.577         31                1.470        7                2.530e-01  20           1
6       Chen         4    22.152  12        34.442   16          0.643    24           0.813   23          0.000    29           0.622         26                3.490        15               5.996e-02  12           1
6       Chen         5    23.682  19        37.931   20          0.624    27           0.796   26          0.000    30           0.610         27                21.640       26               2.403e-01  19           1
6       Chen         6    36.164  32        58.039   33          0.623    28           0.786   27          0.000    31           0.602         28                4.400        16               1.000e+00  34           1
6       Chen         7    31.065  29        50.372   30          0.617    30           0.778   28          0.000    32           0.598         29                11.370       17               9.997e-01  29           1
6       DAS          10   29.182  27        42.010   27          0.695    13           0.846   13          0.236    11           0.694         9                 29.550       31               9.906e-01  27           1
6       DAS          1    14.478  4         20.231   5           0.716    4            0.860   3           0.333    3            0.696         6                 33.760       33               2.964e-09  4            1
6       DAS          2    13.627  3         19.042   4           0.716    5            0.860   4           0.323    5            0.704         4                 24.220       29               1.572e-10  3            1
6       DAS          3    15.752  6         22.287   8           0.707    10           0.850   11          0.208    13           0.704         5                 23.470       28               1.603e-07  6            1
6       DAS          4    11.699  1         16.426   2           0.712    7            0.860   5           0.316    7            0.693         10                32.840       32               9.015e-14  1            1
6       DAS          5    15.834  7         21.717   7           0.729    1            0.853   10          0.334    2            0.725         2                 20.360       24               2.038e-07  7            1
6       DAS          6    12.405  2         17.373   3           0.714    6            0.860   6           0.333    4            0.693         11                34.310       34               1.583e-12  2            1
6       DAS          7    17.875  8         -17.875  1           -1.000   34           -2      -2          -2       -2           -2            -2                19.260       23               4.224e-05  8            1
6       DAS          8    17.956  9         24.697   9           0.727    2            0.846   12          0.312    8            0.730         1                 20.540       25               5.083e-05  9            1
6       DAS          9    15.048  5         21.237   6           0.709    9            0.860   7           0.323    6            0.694         8                 25.860       30               1.880e-08  5            1
6       Dokholian    1    26.241  24        39.331   24          0.667    20           0.815   22          0.000    20           0.656         21                15.410       21               7.631e-01  24           1
6       Dokholian    2    26.724  26        39.385   25          0.679    17           0.810   24          0.000    21           0.670         16                14.310       19               8.376e-01  26           1
6       Dokholian    3    26.371  25        38.808   23          0.680    16           0.817   21          0.000    22           0.678         14                13.940       18               7.848e-01  25           1
6       Dokholian    4    25.066  23        37.859   19          0.662    22           0.829   17          0.000    23           0.645         22                15.780       22               5.253e-01  23           1
6       Dokholian    5    22.769  17        34.744   17          0.655    23           0.829   18          0.000    24           0.634         25                15.230       20               1.126e-01  17           1
6       Dokholian    6    37.465  34        58.427   34          0.641    25           0.758   31          0.000    25           0.639         23                22.750       27               1.000e+00  30           1
