model            MP_chains  MP_residues  MP_nucacids  MP_clashscore  MP_pct_badbonds  MP_pct_badangles
6_solution_0     1          163          162          14.07          0.62             0.62
6_Dokholian_6    1          168          168          22.38          12.50            74.40
6_Dokholian_5    1          168          168          15.41          14.29            79.17
6_Dokholian_4    1          168          168          16.14          14.88            79.76
6_Dokholian_3    1          168          168          13.94          13.69            80.36
6_Dokholian_2    1          168          168          14.86          13.69            82.74
6_Dokholian_1    1          168          168          15.41          14.29            75.00
6_DAS_9          1          168          168          25.86          7.14             10.12
6_DAS_8          1          168          168          20.91          5.36             8.33
6_DAS_7          1          168          168          19.81          7.14             8.93
6_DAS_6          1          168          168          34.31          8.33             11.90
6_DAS_5          1          168          168          20.72          4.76             8.93
6_DAS_4          1          168          168          33.76          8.33             11.31
6_DAS_3          1          168          168          23.66          7.14             9.52
6_DAS_2          1          168          168          25.5           7.14             10.12
6_DAS_1          1          168          168          33.76          8.33             10.71
6_DAS_10         1          168          168          29.55          7.74             6.55
6_Chen_7         1          168          168          11             11.90            73.81
6_Chen_6         1          168          168          4.22           7.74             76.79
6_Chen_5         1          168          168          22.01          14.88            85.12
6_Chen_4         1          168          168          3.49           10.12            78.57
6_Chen_3         1          168          168          1.28           11.31            80.36
6_Chen_2         1          168          168          0.73           7.74             77.98
6_Chen_1         1          168          168          1.1            10.71            73.21
6_Bujnicki_4     1          168          168          2.38           0.00             9.52
6_Bujnicki_3     1          168          168          2.02           0.00             10.12
6_Bujnicki_2     1          168          168          2.57           0.00             11.90
6_Bujnicki_1     1          168          168          0.73           0.00             10.12
6_Blanchet_7     1          168          168          2.02           0.60             48.21
6_Blanchet_6     1          168          168          0.92           0.60             41.07
6_Blanchet_5     1          168          168          2.02           0.00             51.19
6_Blanchet_4     1          168          168          1.84           1.19             36.31
6_Blanchet_3     1          168          168          2.2            0.60             49.40
6_Blanchet_2     1          168          168          1.28           0.00             45.24
6_Blanchet_1     1          168          168          1.1            0.00             42.86
4_solution_0     1          126          126          34.31          0.00             7.14
4_santalucia_1   1          126          126          51.38          26.98            11.11
4_mikolajczak_1  1          126          126          39.37          4.76             13.49
4_major_1        1          126          126          1.23           0.00             71.43
4_flores_1       1          125          125          50.25          2.40             22.40
4_dokholyan_2    1          126          126          19.42          3.17             31.75
4_dokholyan_1    1          126          126          19.42          3.17             31.75
4_das_5          1          126          126          14.77          0.00             0.79
4_das_4          1          126          126          14.28          0.00             0.79
4_das_3          1          126          126          14.28          0.00             0.79
4_das_2          1          126          126          14.77          0.00             0.79
4_das_1          1          126          126          14.28          0.00             0.79
4_chen_9         1          126          126          5.41           3.17             63.49
4_chen_8         1          126          126          5.16           2.38             57.14
4_chen_7         1          126          126          6.39           4.76             56.35
4_chen_6         1          126          126          4.43           2.38             58.73
4_chen_5         1          126          126          5.66           2.38             53.97
4_chen_4         1          126          126          6.39           2.38             53.17
4_chen_3         1          126          126          5.41           0.79             59.52
4_chen_2         1          126          126          4.67           1.59             51.59
4_chen_1         1          126          126          4.92           0.79             46.83
4_chen_10        1          126          126          4.92           3.97             60.32
4_bujnicki_5     1          126          126          34.42          3.97             17.46
4_bujnicki_4     1          126          126          39.1           3.97             11.11
4_bujnicki_3     1          126          126          35.16          3.97             15.08
4_bujnicki_2     1          126          126          39.1           3.97             11.11
4_bujnicki_1     1          126          126          34.18          4.76             15.08
4_adamiak_5      1          126          126          91.49          0.00             0.00
4_adamiak_4      1          126          126          88.29          0.00             0.00
4_adamiak_3      1          126          126          29.27          0.00             0.00
4_adamiak_2      1          126          126          32.96          0.00             0.00
4_adamiak_1      1          126          126          26.32          0.00             0.00
3_solution_0     1          84           84           1.83           0.00             5.95
3_major_2        1          84           84           92.78          100.00           100.00
3_major_1        1          84           84           76.58          97.62            100.00
3_dokholyan_2    1          84           84           41.94          11.90            75.00
3_dokholyan_1    1          84           84           39.37          10.71            70.24
3_das_5          1          84           84           1.1            2.38             1.19
3_das_4          1          84           84           1.84           2.38             3.57
3_das_3          1          84           84           1.47           0.00             4.76
3_das_2          1          84           84           0.74           1.19             1.19
3_das_1          1          84           84           0              1.19             1.19
3_chen_1         1          84           84           1.1            0.00             65.48
3_bujnicki_2     1          84           84           4.78           1.19             64.29
3_bujnicki_1     1          84           84           14.35          2.38             70.24
2_wildauer_1     8          100          100          165.88         0.00             48.00
2_solution_0     8          98           98           36.1           0.00             0.00
2_santalucia_1   1          100          100          26.04          25.00            10.00
2_major_1        1          100          100          134.26         71.00            74.00
2_dokholyan_1    8          100          100          18.92          4.00             50.00
2_das_5          1          100          100          25.06          2.00             2.00
2_das_4          1          100          100          23.82          1.00             1.00
2_das_3          1          100          100          25.68          0.00             0.00
2_das_2          1          100          100          24.13          0.00             0.00
2_das_1          1          100          100          20.11          0.00             0.00
2_chen_1         1          100          100          18.97          3.00             88.00
2_bujnicki_3     8          100          100          0.62           1.00             52.00
2_bujnicki_2     8          100          100          14.85          0.00             54.00
2_bujnicki_1     8          100          100          16.09          4.00             46.00
1_solution_0     2          46           46           1.36           4.35             47.83
1_santalucia_1   1          46           46           41.89          43.48            28.26
1_major_1        1          46           46           69.11          100.00           100.00
1_dokholyan_1    2          46           46           33.09          13.04            73.91
1_das_5          1          46           46           0              0.00             4.35
1_das_4          1          46           46           0              0.00             0.00
1_das_3          1          46           46           0              0.00             0.00
1_das_2          1          46           46           0.68           0.00             2.17
1_das_1          1          46           46           0              0.00             0.00
1_chen_1         1          46           46           1.36           0.00             50.00
1_bujnicki_5     2          46           46           81.98          60.87            63.04
1_bujnicki_4     2          46           46           83.33          67.39            58.70
1_bujnicki_3     2          46           46           57.43          76.09            58.70
1_bujnicki_2     2          46           46           70.9           76.09            65.22
1_bujnicki_1     2          46           46           0              0.00             43.48
