target        model            ext_rmsd  ext_di_all  ext_inf_all  ext_inf_wc  ext_inf_nwc  ext_inf_stacking  ext_clash_score
6_solution_0  6_Dokholian_6    37.465    58.427      0.641        0.758       0.000        0.639             22.750
6_solution_0  6_Dokholian_5    22.769    34.744      0.655        0.829       0.000        0.634             15.230
6_solution_0  6_Dokholian_4    25.066    37.859      0.662        0.829       0.000        0.645             15.780
6_solution_0  6_Dokholian_3    26.371    38.808      0.680        0.817       0.000        0.678             13.940
6_solution_0  6_Dokholian_2    26.724    39.385      0.679        0.810       0.000        0.670             14.310
6_solution_0  6_Dokholian_1    26.241    39.331      0.667        0.815       0.000        0.656             15.410
6_solution_0  6_DAS_9          15.048    21.237      0.709        0.860       0.323        0.694             25.860
6_solution_0  6_DAS_8          17.956    24.697      0.727        0.846       0.312        0.730             20.540
6_solution_0  6_DAS_7          17.875    -17.875     -1.000       -2          -2           -2                19.260
6_solution_0  6_DAS_6          12.405    17.373      0.714        0.860       0.333        0.693             34.310
6_solution_0  6_DAS_5          15.834    21.717      0.729        0.853       0.334        0.725             20.360
6_solution_0  6_DAS_4          11.699    16.426      0.712        0.860       0.316        0.693             32.840
6_solution_0  6_DAS_3          15.752    22.287      0.707        0.850       0.208        0.704             23.470
6_solution_0  6_DAS_2          13.627    19.042      0.716        0.860       0.323        0.704             24.220
6_solution_0  6_DAS_1          14.478    20.231      0.716        0.860       0.333        0.696             33.760
6_solution_0  6_DAS_10         29.182    42.010      0.695        0.846       0.236        0.694             29.550
6_solution_0  6_Chen_7         31.065    50.372      0.617        0.778       0.000        0.598             11.370
6_solution_0  6_Chen_6         36.164    58.039      0.623        0.786       0.000        0.602             4.400
6_solution_0  6_Chen_5         23.682    37.931      0.624        0.796       0.000        0.610             21.640
6_solution_0  6_Chen_4         22.152    34.442      0.643        0.813       0.000        0.622             3.490
6_solution_0  6_Chen_3         23.754    38.392      0.619        0.829       0.102        0.577             1.470
6_solution_0  6_Chen_2         22.261    38.282      0.581        0.694       0.224        0.568             0.730
6_solution_0  6_Chen_1         24.292    40.809      0.595        0.768       0.177        0.564             1.100
6_solution_0  6_Bujnicki_4     32.131    50.103      0.641        0.768       0.000        0.637             2.570
6_solution_0  6_Bujnicki_3     32.166    54.940      0.585        0.681       -2           0.584             2.200
6_solution_0  6_Bujnicki_2     30.968    46.451      0.667        0.798       0.000        0.659             2.750
6_solution_0  6_Bujnicki_1     37.066    55.440      0.669        0.825       0.000        0.664             0.730
6_solution_0  6_Blanchet_7     22.319    32.181      0.694        0.853       0.289        0.664             2.020
6_solution_0  6_Blanchet_6     23.341    32.940      0.709        0.864       0.250        0.684             1.100
6_solution_0  6_Blanchet_5     24.294    35.962      0.676        0.834       0.102        0.661             2.020
6_solution_0  6_Blanchet_4     22.304    31.611      0.706        0.864       0.204        0.686             2.020
6_solution_0  6_Blanchet_3     21.379    30.813      0.694        0.853       0.204        0.672             2.200
6_solution_0  6_Blanchet_2     21.778    30.974      0.703        0.837       0.204        0.694             1.100
6_solution_0  6_Blanchet_1     22.264    30.651      0.726        0.841       0.335        0.716             1.280
4_solution_0  4_santalucia_1   4.117     6.651       0.619        0.700       0.478        0.591             51.380
4_solution_0  4_mikolajczak_1  12.801    25.341      0.505        0.523       0.224        0.521             40.110
4_solution_0  4_major_1        4.515     7.229       0.625        0.692       0.559        0.599             1.230
4_solution_0  4_flores_1       7.474     12.410      0.602        0.692       0.559        0.565             49.460
4_solution_0  4_dokholyan_2    5.377     8.516       0.631        0.700       0.598        0.603             19.420
4_solution_0  4_dokholyan_1    5.377     8.516       0.631        0.700       0.598        0.603             19.420
4_solution_0  4_das_5          4.499     7.161       0.628        0.692       0.447        0.611             14.770
4_solution_0  4_das_4          4.499     7.161       0.628        0.692       0.447        0.611             14.280
4_solution_0  4_das_3          4.499     7.161       0.628        0.692       0.447        0.611             14.520
4_solution_0  4_das_2          4.499     7.161       0.628        0.692       0.447        0.611             14.770
4_solution_0  4_das_1          4.498     7.183       0.626        0.692       0.447        0.609             14.280
4_solution_0  4_chen_9         3.351     5.158       0.650        0.700       0.598        0.631             5.660
4_solution_0  4_chen_8         3.359     5.145       0.653        0.700       0.559        0.639             5.660
4_solution_0  4_chen_7         3.364     5.248       0.641        0.700       0.478        0.625             6.150
4_solution_0  4_chen_6         3.371     5.190       0.650        0.700       0.478        0.638             4.430
4_solution_0  4_chen_5         3.367     5.184       0.650        0.700       0.598        0.631             5.410
4_solution_0  4_chen_4         3.367     5.177       0.650        0.700       0.559        0.635             6.150
4_solution_0  4_chen_3         3.369     5.200       0.648        0.700       0.478        0.635             5.410
4_solution_0  4_chen_2         3.347     5.178       0.646        0.700       0.527        0.632             4.430
4_solution_0  4_chen_1         3.353     5.206       0.644        0.700       0.559        0.626             4.920
4_solution_0  4_chen_10        3.352     5.173       0.648        0.700       0.559        0.632             4.670
4_solution_0  4_bujnicki_5     4.191     6.803       0.616        0.692       0.566        0.585             34.920
4_solution_0  4_bujnicki_4     4.193     6.848       0.612        0.692       0.566        0.579             38.360
4_solution_0  4_bujnicki_3     4.198     6.857       0.612        0.692       0.474        0.583             34.670
4_solution_0  4_bujnicki_2     4.193     6.848       0.612        0.692       0.566        0.579             38.850
4_solution_0  4_bujnicki_1     4.192     6.775       0.619        0.692       0.566        0.588             33.930
4_solution_0  4_adamiak_5      4.673     11.168      0.418        0.379       0.141        0.454             90.510
4_solution_0  4_adamiak_4      6.643     13.972      0.475        0.473       0.316        0.485             87.310
4_solution_0  4_adamiak_3      4.342     7.540       0.576        0.660       0.183        0.553             29.270
4_solution_0  4_adamiak_2      4.483     7.612       0.589        0.676       0.365        0.557             32.460
4_solution_0  4_adamiak_1      4.706     8.193       0.574        0.668       0.365        0.540             25.820
3_solution_0  3_major_2        13.701    23.331      0.587        0.667       0.000        0.609             93.520
3_solution_0  3_major_1        22.987    45.271      0.508        0.393       0.000        0.590             75.110
3_solution_0  3_dokholyan_2    11.460    16.104      0.712        0.824       0.000        0.711             41.210
3_solution_0  3_dokholyan_1    15.920    23.279      0.684        0.898       0.000        0.664             39.370
3_solution_0  3_das_5          11.965    16.419      0.729        0.902       0.359        0.712             1.100
3_solution_0  3_das_4          18.298    26.547      0.689        0.847       0.375        0.668             2.210
3_solution_0  3_das_3          16.954    23.165      0.732        0.885       0.401        0.712             1.470
3_solution_0  3_das_2          12.199    16.604      0.735        0.863       0.401        0.725             0.740
3_solution_0  3_das_1          15.481    20.901      0.741        0.869       0.571        0.712             0.000
3_solution_0  3_chen_1         7.241     9.842       0.736        0.863       0.000        0.730             1.100
3_solution_0  3_bujnicki_2     14.057    22.513      0.624        0.826       0.000        0.594             5.150
3_solution_0  3_bujnicki_1     12.186    17.494      0.697        0.817       0.000        0.696             14.720
2_solution_0  2_wildauer_1     3.479     4.403       0.790        0.889       0.000        0.772             165.570
2_solution_0  2_santalucia_1   3.650     4.537       0.805        0.922       -2           0.753             25.730
2_solution_0  2_major_1        2.980     3.819       0.780        0.946       -2           0.707             134.260
2_solution_0  2_dokholyan_1    2.543     3.089       0.823        0.904       0.000        0.799             19.850
2_solution_0  2_das_5          3.464     4.183       0.828        0.959       0.000        0.808             24.750
2_solution_0  2_das_4          2.834     3.458       0.819        0.973       0.000        0.782             23.820
2_solution_0  2_das_3          3.034     3.671       0.826        0.973       0.000        0.798             25.370
2_solution_0  2_das_2          3.048     3.686       0.827        0.973       0.000        0.814             23.510
2_solution_0  2_das_1          2.496     2.899       0.861        0.961       0.000        0.846             19.800
2_solution_0  2_chen_1         2.830     3.739       0.757        0.904       -2           0.694             18.660
2_solution_0  2_bujnicki_3     2.329     2.900       0.803        0.907       0.000        0.774             0.620
2_solution_0  2_bujnicki_2     2.300     2.827       0.813        0.919       0.000        0.785             14.540
2_solution_0  2_bujnicki_1     2.653     2.993       0.886        0.961       -2           0.861             15.470
1_solution_0  1_santalucia_1   5.688     6.750       0.843        0.950       -2           0.785             39.860
1_solution_0  1_major_1        4.064     4.567       0.890        0.949       -2           0.873             66.400
1_solution_0  1_dokholyan_1    6.939     8.552       0.811        0.858       -2           0.788             31.740
1_solution_0  1_das_5          4.563     5.362       0.851        0.878       -2           0.838             0.000
1_solution_0  1_das_4          3.907     4.307       0.907        0.906       -2           0.908             0.000
1_solution_0  1_das_3          3.413     3.657       0.934        0.953       -2           0.924             0.000
1_solution_0  1_das_2          4.340     4.703       0.923        0.950       -2           0.911             1.360
1_solution_0  1_das_1          3.575     3.894       0.918        0.953       -2           0.911             0.000
1_solution_0  1_chen_1         4.113     5.008       0.821        0.872       -2           0.796             0.680
1_solution_0  1_bujnicki_5     4.890     6.260       0.781        0.777       -2           0.796             81.980
1_solution_0  1_bujnicki_4     4.737     6.591       0.719        0.651       -2           0.750             83.330
1_solution_0  1_bujnicki_3     4.660     5.754       0.810        0.950       -2           0.741             54.730
1_solution_0  1_bujnicki_2     5.428     6.750       0.804        0.900       -2           0.766             71.570
1_solution_0  1_bujnicki_1     5.073     5.748       0.883        0.927       -2           0.861             0.000
